{"Moscow": [[0.10421028346312, 0.72148505390811, 0.13631443885735, 0.03027944431527, 0.00771077945614], [0.16798919141277, 0.73311904325266, 0.07851019767117, 0.01398497863449, 0.00639658902891], [0.09290556063567, 0.43851581698161, 0.25717825457714, 0.16496669132326, 0.04643367648233], [0.1549857802942, 0.57770754231515, 0.23317542167251, 0.02377542516074, 0.0103558305574], [0.08197292314222, 0.33128997476841, 0.3569962671468, 0.19160118091929, 0.03813965402329], [0.13023077882572, 0.6874512863177, 0.1657156464541, 0.01170731877253, 0.00489496962995], [0.09750412996935, 0.65571140586438, 0.1959024937096, 0.03984819957661, 0.01103377088006], [0.09750412996935, 0.65571140586438, 0.1959024937096, 0.03984819957661, 0.01103377088006], [0.21694846904831, 0.66403123805018, 0.10027194523477, 0.01260384412092, 0.00614450354583], [0.05943255600607, 0.66921465657908, 0.24246962439196, 0.02424943813338, 0.00463372488951], [0.23034577670139, 0.63766971924802, 0.1003899523912, 0.01550105255923, 0.01609349910017], [0.10416605832409, 0.67872671273133, 0.18924258918917, 0.02192007187583, 0.00594456787959], [0.04792945136848, 0.27027626738662, 0.42652111332606, 0.21301615862625, 0.0422570092926], [0.18846946027097, 0.6037313519772, 0.18594118238032, 0.01532689217065, 0.00653111320086], [0.10253937008109, 0.65220442053089, 0.1851686966296, 0.04699246809038, 0.01309504466805], [0.09923373835231, 0.64688374925422, 0.22574695305047, 0.02239841221903, 0.00573714712397], [0.03315285812412, 0.29314245648637, 0.49603618029183, 0.16227912410938, 0.0153893809883], [0.11247955601157, 0.67078449827215, 0.18662538009325, 0.02168247944966, 0.00842808617337], [0.16828168043109, 0.69987279718141, 0.11510744852591, 0.01246777386834, 0.00427029999326], [0.26928032913761, 0.59212450914273, 0.12435447586566, 0.00740848346734, 0.00683220238666], [0.08458439201387, 0.6934141323328, 0.20479335140795, 0.01292945000225, 0.00427867424312], [0.12364292586227, 0.7077897632881, 0.14786260149679, 0.01560540071036, 0.00509930864247], [0.23396667436089, 0.51704645017144, 0.10884711234923, 0.07480970715163, 0.06533005596681], [0.11475165582598, 0.68311487465178, 0.18636115050174, 0.01147994590675, 0.00429237311375], [0.17365792813956, 0.63126684601859, 0.15935158015504, 0.02449607033394, 0.01122757535287], [0.16499557061938, 0.66299050913116, 0.14964165397721, 0.01555522640375, 0.00681703986849], [0.18019142319989, 0.69251411067355, 0.10756020294803, 0.01143441975508, 0.00829984342345], [0.60370133553675, 0.27671362933472, 0.09828985363907, 0.00564522112216, 0.01564996036731], [0.25376430734323, 0.58447443681755, 0.11441500894022, 0.02290916935145, 0.02443707754755], [0.27297008897204, 0.61163172671465, 0.1051029256198, 0.00559199130812, 0.0047032673854], [0.29586726573683, 0.59490869965347, 0.10451248301396, 0.00210472753576, 0.00260682405998], [0.11182263866846, 0.67156565380989, 0.16155111801467, 0.04221247516928, 0.0128481143377]], "Ho": [], "Colombia": [[0.14329898958247, 0.60935594443733, 0.20643236308274, 0.02674877158993, 0.01416393130754], [0.12860158593591, 0.62805582646029, 0.17364728975569, 0.05146336476143, 0.01823193308667], [0.22850403127613, 0.4649936875763, 0.16156946649392, 0.09376170125625, 0.0511711133974], [0.02469598321512, 0.09746990717301, 0.28223305956466, 0.4975813254015, 0.09801972464571], [0.05505025689299, 0.29173891153848, 0.36650941246297, 0.23589215278211, 0.05080926632345], [0.20579128530778, 0.65037333432078, 0.11943663556563, 0.01447923435111, 0.00991951045471], [0.08830810741106, 0.53310509086584, 0.15951842644341, 0.18780624534344, 0.03126212993625]], "Lebanon": [[0.39962582804956, 0.48033257491702, 0.09787716502438, 0.00806438971507, 0.01410004229397], [0.09377901012914, 0.39669566043926, 0.25058292856686, 0.19455652481008, 0.06438587605467], [0.2196603419673, 0.58750082583049, 0.17102998627492, 0.01482149803054, 0.00698734789674], [0.03618451555747, 0.23792774674665, 0.23777607759725, 0.4444473713675, 0.04366428873114], [0.46651121230792, 0.1843390995424, 0.08524698534899, 0.0478100500983, 0.21609265270238]], "Donald": [], "Stalin": [[0.20337739908089, 0.61623017453091, 0.15572255357583, 0.01585930053288, 0.00881057227949], [0.15874786491617, 0.69458464825546, 0.12588388019741, 0.01352935399433, 0.00725425263663], [0.18684737934368, 0.61274850357849, 0.17953959452427, 0.01211821856881, 0.00874630398474], [0.49939575002537, 0.41632188677481, 0.07383248384084, 0.00294456391523, 0.00750531544376], [0.08023486359794, 0.351616976422, 0.29979082099189, 0.20812055502771, 0.06023678396047], [0.19143859221961, 0.62599728224883, 0.16057786449179, 0.01393630470612, 0.00804995633365], [0.13661595771117, 0.57733456185985, 0.22664660495047, 0.04940936831468, 0.00999350716382], [0.13525417543386, 0.29728498785422, 0.52723931343166, 0.02929058890788, 0.01093093437237], [0.05084520010052, 0.38325952253129, 0.36209289076478, 0.179177413934, 0.02462497266942], [0.22617742184909, 0.55006085844487, 0.1844203193414, 0.0239361493067, 0.01540525105794], [0.49052185463385, 0.3558667895136, 0.12783609906831, 0.01084089622946, 0.01493436055478], [0.12059121100711, 0.662895024698, 0.17817697592296, 0.02764568532952, 0.01069110304241], [0.26701399116158, 0.54339061915265, 0.16750303051105, 0.01445933851968, 0.00763302065505], [0.17115786119571, 0.66623109427925, 0.14877556896033, 0.00960845325425, 0.00422702231047], [0.16558242934798, 0.61437819691612, 0.19242909790225, 0.017276577366, 0.01033369846766], [0.12903562259952, 0.56105646916211, 0.25366323870683, 0.03895512291442, 0.01728954661712], [0.03897417173578, 0.13901981725746, 0.16964931989922, 0.51482865302005, 0.13752803808749], [0.13013790669906, 0.57337864061166, 0.26584591367348, 0.02146316440124, 0.00917437461456], [0.02735480022466, 0.15907285383054, 0.38619017470634, 0.38702798252975, 0.04035418870871]], "Clinton": [[0.08776638059198, 0.51490784897268, 0.32259731492214, 0.05764992427541, 0.01707853123778], [0.18796346905514, 0.42859958721081, 0.20046997254921, 0.11409752962949, 0.06886944155535], [0.1137578302508, 0.66292281966513, 0.19454860604174, 0.02082297623532, 0.007947767807], [0.64628130738341, 0.30735207928277, 0.03454971946093, 0.0017403221318, 0.01007657174109], [0.07626885913683, 0.56003275330404, 0.31866117375154, 0.03653378396299, 0.0085034298446], [0.35693882229926, 0.44488507165515, 0.18068073141211, 0.01191194299154, 0.00558343164193]], "Heinrich": [], "American": [], "Pacific": [], "Hitler": [[0.08025602784502, 0.4874182324199, 0.3089843459596, 0.10345112805895, 0.01989026571653], [0.16741329329449, 0.56224305244764, 0.20662517145013, 0.04251841111362, 0.02120007169413], [0.17931557906294, 0.62818105582793, 0.16395864750124, 0.01886060394814, 0.00968411365974], [0.26815641381202, 0.59909347623383, 0.11897715024296, 0.00702636258104, 0.00674659713015], [0.10936461294437, 0.73797953718797, 0.13656290235328, 0.0127542771868, 0.00333867032758], [0.29318834444553, 0.4835127134937, 0.20499568549596, 0.00964675926983, 0.00865649729499], [0.21180508800144, 0.63031839598326, 0.13269916971323, 0.01487137862667, 0.01030596767539], [0.26039349778212, 0.49262704033372, 0.21819021735759, 0.01803363442446, 0.01075561010212], [0.13346394441576, 0.30198482259554, 0.51426353803316, 0.03744979447071, 0.01283790048483], [0.16868738315936, 0.55922365851389, 0.24299276556176, 0.01936823141938, 0.00972796134562], [0.21024040599468, 0.56463403835147, 0.1877229555941, 0.02614315222076, 0.01125944783899], [0.28115159596506, 0.56661332704945, 0.11892884783616, 0.01751031895968, 0.01579591018965], [0.1419172279453, 0.7074421398767, 0.126575271848, 0.01752391585453, 0.00654144447546], [0.26673428266031, 0.45547642791454, 0.24123295745402, 0.01716404940656, 0.01939228256457], [0.11714420064258, 0.45239156119178, 0.21179542959105, 0.16637023767938, 0.0522985708952], [0.18210004729933, 0.68493914556567, 0.10860293195105, 0.01602793330011, 0.00832994188384], [0.10269006898607, 0.72532259035206, 0.14808118616507, 0.01794729880824, 0.00595885568856], [0.3911651764329, 0.44776561806296, 0.13943506207258, 0.00842368718513, 0.01321045624643], [0.25878284502328, 0.54994789196215, 0.16794551035654, 0.01271621703124, 0.01060753562678], [0.08888692184505, 0.71032560603158, 0.15147094693312, 0.04226467728611, 0.00705184790415], [0.05474469938721, 0.32721822110334, 0.41664619682317, 0.17055734034582, 0.03083354234047], [0.1558748860267, 0.74972173996709, 0.08018961962735, 0.00990670263538, 0.00430705174348], [0.15721826134572, 0.74824183100436, 0.0835778524178, 0.00805793867635, 0.00290411655577], [0.11996335506935, 0.61202617550417, 0.1841573098908, 0.06480695415013, 0.01904620538555], [0.50804386850778, 0.42043567295906, 0.05553324256903, 0.00402027522684, 0.01196694073728], [0.50804386850778, 0.42043567295906, 0.05553324256903, 0.00402027522684, 0.01196694073728], [0.08382027880145, 0.36367806806194, 0.19623826472657, 0.27270365355372, 0.08355973485632], [0.30707341871665, 0.54130167653204, 0.13302529906031, 0.00928742334226, 0.00931218234875], [0.08767789354342, 0.73193926475627, 0.16020213153909, 0.01507462006727, 0.00510609009395], [0.30426462374542, 0.50843769826901, 0.16846385586919, 0.01075046459859, 0.00808335751779], [0.14067708106847, 0.69588204195395, 0.14197157090612, 0.01473282373085, 0.00673648234061], [0.11303786702759, 0.24870665653251, 0.19305440393098, 0.28445295407722, 0.1607481184317], [0.33809624776749, 0.53618863442736, 0.05668439727342, 0.02436643692194, 0.04466428360978], [0.11209882045806, 0.73605071727043, 0.14000228097162, 0.00865566020315, 0.00319252109674], [0.12526987870148, 0.73371149044793, 0.12245194769581, 0.0138234388536, 0.00474324430118], [0.37502615575177, 0.51204149468775, 0.09238354429978, 0.00795669647151, 0.01259210878919], [0.59456568288329, 0.34272512065362, 0.0520345861828, 0.00220320815106, 0.00847140212923], [0.34546215372944, 0.53683748807218, 0.07910074630519, 0.01436258332493, 0.02423702856826], [0.58547417689637, 0.35514065339821, 0.04739096978669, 0.00247644920724, 0.0095177507115], [0.58547417689637, 0.35514065339821, 0.04739096978669, 0.00247644920724, 0.0095177507115], [0.21045665013566, 0.68619263706314, 0.08868439772711, 0.00996508864717, 0.00470122642691], [0.21045665013566, 0.68619263706314, 0.08868439772711, 0.00996508864717, 0.00470122642691], [0.27373024550819, 0.5397094866084, 0.10574715823034, 0.04113895089417, 0.0396741587589], [0.20644543266496, 0.63509549612343, 0.14202648545253, 0.01050875037006, 0.00592383538902], [0.13685267027229, 0.53416647538978, 0.16608147951416, 0.11528380438234, 0.04761557044144], [0.12144058262669, 0.60456107594588, 0.15055395375014, 0.08715363776882, 0.03629074990848], [0.39030609869133, 0.48364857699071, 0.10947489950734, 0.00712858982236, 0.00944183498826], [0.08741392169281, 0.71760801104418, 0.16527519490855, 0.02429869284234, 0.00540417951213], [0.08741392169281, 0.71760801104418, 0.16527519490855, 0.02429869284234, 0.00540417951213], [0.12297299452424, 0.61189464203646, 0.13727414204071, 0.08820910571026, 0.03964911568833], [0.08067902752161, 0.66160042641171, 0.22773837214638, 0.02417401818457, 0.00580815573573], [0.08067902752161, 0.66160042641171, 0.22773837214638, 0.02417401818457, 0.00580815573573], [0.12131231723297, 0.76622022017158, 0.09456685713065, 0.01317312506781, 0.00472748039698], [0.2583117517708, 0.55213546627166, 0.16807335513732, 0.01161519344923, 0.00986423337099], [0.15388218023218, 0.66873664864078, 0.15675826322978, 0.01407706476706, 0.0065458431302], [0.12678351805745, 0.67080096788985, 0.15081808754317, 0.03701528487638, 0.01458214163315], [0.12678351805745, 0.67080096788985, 0.15081808754317, 0.03701528487638, 0.01458214163315], [0.12959682338192, 0.73175888685847, 0.10641089634445, 0.02416650949566, 0.0080668839195], [0.12959682338192, 0.73175888685847, 0.10641089634445, 0.02416650949566, 0.0080668839195], [0.43386408012122, 0.44915191592023, 0.10169668005599, 0.00518540525421, 0.01010191864836], [0.43386408012122, 0.44915191592023, 0.10169668005599, 0.00518540525421, 0.01010191864836], [0.14847237674033, 0.52003226751924, 0.18946329238647, 0.11911371984762, 0.02291834350634], [0.08671312346229, 0.51733863904613, 0.33038040345798, 0.05034255643245, 0.01522527760115], [0.31670449723608, 0.49042720730208, 0.15526234585628, 0.01676675396362, 0.02083919564193], [0.22990160051482, 0.64767302134363, 0.10214007046111, 0.01041224312864, 0.00987306455181], [0.22990160051482, 0.64767302134363, 0.10214007046111, 0.01041224312864, 0.00987306455181], [0.23945126877067, 0.62599806878112, 0.11429731392251, 0.01144617115328, 0.00880717737243], [0.23945126877067, 0.62599806878112, 0.11429731392251, 0.01144617115328, 0.00880717737243], [0.0945337509073, 0.52889520896099, 0.26143577843977, 0.08722984153223, 0.02790542015971], [0.38040457169683, 0.4590036332005, 0.11763658793479, 0.01891862257593, 0.02403658459195], [0.38511236493468, 0.45797659410137, 0.13602178596815, 0.00854624251358, 0.01234301248221], [0.11207969946919, 0.72853996091974, 0.12139008459829, 0.0282099264643, 0.00978032854847], [0.1152831424496, 0.70922181562418, 0.15492351343052, 0.01492700860002, 0.00564451989567], [0.18622833367995, 0.57251984527429, 0.20488153611697, 0.02389031038019, 0.0124799745486], [0.11983586976089, 0.77663326449861, 0.07707775654747, 0.01985157260375, 0.00660153658928], [0.26025943960112, 0.53005382824254, 0.16273931133819, 0.0246691549251, 0.02227826589305], [0.21020455172873, 0.6368489050409, 0.10607440011126, 0.02800698247746, 0.01886516064166], [0.09919191767132, 0.5516655060296, 0.26106845713575, 0.07352060100658, 0.01455351815675], [0.09919191767132, 0.5516655060296, 0.26106845713575, 0.07352060100658, 0.01455351815675], [0.1867656948191, 0.58275498987404, 0.17769913336132, 0.04082065160084, 0.01195953034471], [0.13584375471281, 0.65935011414593, 0.17913454847814, 0.01615695452742, 0.0095146281357], [0.09967351457593, 0.54122694337286, 0.32470734423389, 0.02920571950696, 0.00518647831037], [0.09967351457593, 0.54122694337286, 0.32470734423389, 0.02920571950696, 0.00518647831037], [0.09967351457593, 0.54122694337286, 0.32470734423389, 0.02920571950696, 0.00518647831037], [0.09967351457593, 0.54122694337286, 0.32470734423389, 0.02920571950696, 0.00518647831037], [0.09967351457593, 0.54122694337286, 0.32470734423389, 0.02920571950696, 0.00518647831037], [0.27507160648922, 0.53738283774322, 0.16624462756018, 0.01111280112035, 0.01018812708702], [0.15631805563167, 0.6883050205277, 0.13169311171187, 0.01622373834325, 0.00746007378551], [0.1809621332419, 0.67122383780502, 0.09104133922339, 0.03702612937747, 0.01974656035222], [0.13120192556981, 0.64248469782119, 0.19680519470557, 0.02181745625728, 0.00769072564615], [0.11626632466238, 0.6684369972019, 0.18722792449692, 0.02056538971531, 0.0075033639235], [0.26803546247196, 0.55911384856722, 0.15454499590678, 0.01013384503244, 0.0081718480216], [0.22940754255861, 0.50207074713652, 0.24606898345372, 0.01342364035433, 0.00902908649682], [0.23030734605591, 0.55676542589091, 0.18252263955181, 0.02039358691075, 0.01001100159062], [0.24638587901248, 0.56848631293606, 0.16457187834146, 0.01112761381825, 0.00942831589175], [0.19534192980147, 0.60357368865446, 0.16202841476054, 0.02339512055439, 0.01566084622914], [0.19534192980147, 0.60357368865446, 0.16202841476054, 0.02339512055439, 0.01566084622914], [0.15534592964207, 0.6642572183278, 0.15184646513981, 0.01951724806896, 0.00903313882136], [0.1917080985449, 0.73332702496346, 0.05708132665347, 0.0124897795418, 0.00539377029638], [0.2926162592164, 0.52868541254588, 0.15836286362543, 0.01103959472959, 0.0092958698827], [0.19940206130696, 0.59123277195949, 0.18899278859851, 0.01217709552618, 0.00819528260886], [0.19940206130696, 0.59123277195949, 0.18899278859851, 0.01217709552618, 0.00819528260886], [0.42340970973766, 0.49298120087737, 0.07391241375549, 0.0030139516323, 0.00668272399718], [0.36559688983342, 0.4895888979772, 0.10218825502274, 0.02142449285038, 0.02120146431625], [0.36559688983342, 0.4895888979772, 0.10218825502274, 0.02142449285038, 0.02120146431625], [0.10941023044491, 0.55419763008604, 0.31508411724829, 0.01546542699007, 0.00584259523069], [0.17881261612261, 0.64252721249288, 0.16956248426143, 0.00559670915116, 0.00350097797192], [0.13250198982491, 0.64905132078932, 0.19629760529675, 0.01648642249121, 0.00566266159781], [0.13250198982491, 0.64905132078932, 0.19629760529675, 0.01648642249121, 0.00566266159781], [0.13250198982491, 0.64905132078932, 0.19629760529675, 0.01648642249121, 0.00566266159781], [0.13250198982491, 0.64905132078932, 0.19629760529675, 0.01648642249121, 0.00566266159781], [0.21308891700545, 0.61659328676139, 0.156027145456, 0.01006673271798, 0.00422391805917], [0.21308891700545, 0.61659328676139, 0.156027145456, 0.01006673271798, 0.00422391805917], [0.13942627571453, 0.69391161982999, 0.14843006155034, 0.01325378338912, 0.00497825951601], [0.65396525626333, 0.30169409266257, 0.03573715807626, 0.00139805348453, 0.0072054395133], [0.65396525626333, 0.30169409266257, 0.03573715807626, 0.00139805348453, 0.0072054395133], [0.16056457004834, 0.53275017640694, 0.21830414052637, 0.06789134570536, 0.020489767313], [0.20553161831373, 0.57041345936628, 0.15900643902449, 0.03841290395643, 0.02663557933907], [0.26661135406451, 0.55756477391726, 0.12852822225928, 0.02709946255227, 0.02019618720667], [0.26661135406451, 0.55756477391726, 0.12852822225928, 0.02709946255227, 0.02019618720667], [0.09948107081162, 0.63464314992598, 0.2187843660579, 0.03553413316802, 0.01155728003649], [0.19160547076543, 0.60260789973106, 0.14870746963308, 0.03381398141489, 0.02326517845554], [0.14707440341167, 0.59719907435934, 0.21479119367898, 0.02862569760454, 0.01230963094548], [0.21030295367469, 0.50038560154725, 0.21911566534096, 0.05573219750156, 0.01446358193554], [0.28987585079597, 0.52808668250636, 0.15287237377443, 0.01570869822935, 0.01345639469389], [0.00992553064923, 0.02322811695751, 0.03816170671133, 0.77503209094247, 0.15365255473946], [0.16537581468609, 0.67266825192268, 0.14092567289643, 0.01333708312872, 0.00769317736608], [0.1578809370321, 0.65828239702827, 0.15007696491423, 0.02258449724701, 0.0111752037784], [0.30670814642451, 0.53496019253924, 0.1368488694698, 0.01250986332755, 0.0089729282389], [0.08673589929612, 0.50326577822482, 0.20365776020052, 0.16389196839351, 0.04244859388503], [0.13204033158294, 0.69707596698459, 0.12779549829914, 0.0314186087012, 0.01166959443212], [0.13204033158294, 0.69707596698459, 0.12779549829914, 0.0314186087012, 0.01166959443212], [0.07609490079209, 0.58595077627413, 0.27120541183444, 0.05425056628897, 0.01249834481037], [0.13359298362465, 0.70004717147086, 0.12425717843069, 0.03262527999938, 0.00947738647443], [0.30641648082827, 0.53400177750977, 0.14130196234309, 0.01027504585295, 0.00800473346592], [0.14878285330757, 0.40000713175049, 0.15397923994154, 0.18308285854542, 0.11414791645498], [0.19741257101152, 0.65502496111487, 0.10671597154022, 0.0245566687052, 0.01628982762819], [0.48373402976139, 0.44838985251846, 0.0512992672244, 0.00387151480504, 0.01270533569071], [0.48373402976139, 0.44838985251846, 0.0512992672244, 0.00387151480504, 0.01270533569071], [0.16851358207481, 0.701404269815, 0.11596276566601, 0.00956145173429, 0.00455793070989], [0.22973795250589, 0.62082698771845, 0.13470647243643, 0.00769823626724, 0.00703035107198], [0.11467164756404, 0.69499377523743, 0.16214566436627, 0.02073022575442, 0.00745868707782], [0.15879378346258, 0.68336622657137, 0.14442396519067, 0.00929665874591, 0.00411936602948], [0.15879378346258, 0.68336622657137, 0.14442396519067, 0.00929665874591, 0.00411936602948], [0.1218642851865, 0.78276551099351, 0.08040042116985, 0.01153260901466, 0.00343717363548], [0.09506509560875, 0.53897524584812, 0.17651251830706, 0.15492380940695, 0.03452333082913], [0.11956857548904, 0.6854759620396, 0.17288696535287, 0.01654392301969, 0.00552457409881], [0.30338862578488, 0.47321192226104, 0.17753386415973, 0.0231314104832, 0.02273417731115], [0.17935493836073, 0.52849668433077, 0.19091990663029, 0.06316571799096, 0.03806275268724], [0.17636134465243, 0.63533314214492, 0.16149256862679, 0.01730886984143, 0.00950407473443], [0.27625295914743, 0.60087262665336, 0.10917639184908, 0.00754679220687, 0.00615123014326], [0.50175768386084, 0.28417055217974, 0.19393652333607, 0.00709474286311, 0.01304049776024], [0.50175768386084, 0.28417055217974, 0.19393652333607, 0.00709474286311, 0.01304049776024], [0.17630244861277, 0.68081385987211, 0.12137880429045, 0.01472330778906, 0.00678157943562], [0.08057158486638, 0.68229438799973, 0.21445218156025, 0.01785866038578, 0.00482318518786], [0.19320622745658, 0.66680077169249, 0.11271602443269, 0.01728159450472, 0.00999538191352], [0.19320622745658, 0.66680077169249, 0.11271602443269, 0.01728159450472, 0.00999538191352], [0.10810434028738, 0.6636455870653, 0.20139508941476, 0.02003369083542, 0.00682129239714], [0.15816359864351, 0.70461005687948, 0.12227776487915, 0.01047723610763, 0.00447134349022], [0.04205112476205, 0.20525471845542, 0.40721392379076, 0.2881879894688, 0.05729224352297], [0.13224900800293, 0.6642050605648, 0.15161534002232, 0.03814206073286, 0.01378853067709], [0.03821415351524, 0.27263124871821, 0.57837984670059, 0.09462241790081, 0.01615233316516], [0.03821415351524, 0.27263124871821, 0.57837984670059, 0.09462241790081, 0.01615233316516], [0.03821415351524, 0.27263124871821, 0.57837984670059, 0.09462241790081, 0.01615233316516], [0.19082634316749, 0.6032225778531, 0.18361729873234, 0.01573398618365, 0.00659979406342], [0.14495843152047, 0.5993607765228, 0.16144085515898, 0.06270360559301, 0.03153633120474], [0.23029782644094, 0.55176324969631, 0.20125795036634, 0.01034087348984, 0.00634010000657], [0.16758988174699, 0.64485777572905, 0.16024174615557, 0.01755907834095, 0.00975151802745], [0.16758988174699, 0.64485777572905, 0.16024174615557, 0.01755907834095, 0.00975151802745], [0.16758988174699, 0.64485777572905, 0.16024174615557, 0.01755907834095, 0.00975151802745], [0.26035437615388, 0.59089654000098, 0.12952139827577, 0.00916382857203, 0.01006385699734], [0.15973070170835, 0.62959365405759, 0.1832675306085, 0.01756832708731, 0.00983978653825], [0.1287733384778, 0.7139490679175, 0.13632093476839, 0.01485821857683, 0.00609844025948], [0.13023077882572, 0.6874512863177, 0.1657156464541, 0.01170731877253, 0.00489496962995], [0.05276029539428, 0.63995719231142, 0.26837819088698, 0.03430739895123, 0.00459692245609], [0.5856140808188, 0.35331454028788, 0.04538219008466, 0.00323454174493, 0.01245464706372], [0.5856140808188, 0.35331454028788, 0.04538219008466, 0.00323454174493, 0.01245464706372], [0.15671320807548, 0.60946076151278, 0.18994542266382, 0.03132656679863, 0.01255404094929], [0.1522021153075, 0.66119025080416, 0.15276016254417, 0.02287239594834, 0.01097507539583], [0.19528409564908, 0.56386113446113, 0.17934162676878, 0.03680774165392, 0.02470540146708], [0.14159211503404, 0.57902723918662, 0.20033260129857, 0.05236858365112, 0.02667946082964], [0.180352732728, 0.5807689933884, 0.15577091336447, 0.05217629632328, 0.03093106419586], [0.10319850422121, 0.5227833314367, 0.1527619012618, 0.16954714454493, 0.05170911853536], [0.47583875683668, 0.45503115760422, 0.05735461383031, 0.00309854639199, 0.0086769253368], [0.47583875683668, 0.45503115760422, 0.05735461383031, 0.00309854639199, 0.0086769253368], [0.33891266760387, 0.51185096598452, 0.12294392132535, 0.01110507942494, 0.01518736566132], [0.08434986665878, 0.50469477765486, 0.36333718333064, 0.03943773121869, 0.00818044113702], [0.17903686156988, 0.62320272381718, 0.12750100346303, 0.04945401096914, 0.02080540018077], [0.12559826273054, 0.69893061861996, 0.16201210143978, 0.00989581143545, 0.00356320577427], [0.13308080830762, 0.60890268028923, 0.15837145672609, 0.06743990268199, 0.03220515199508], [0.09750412996935, 0.65571140586438, 0.1959024937096, 0.03984819957661, 0.01103377088006], [0.2056822481536, 0.60443227766152, 0.16923771293923, 0.01373074000547, 0.00691702124019], [0.16823491409777, 0.71536849097036, 0.09930582123242, 0.01226278960146, 0.00482798409799], [0.10278259049802, 0.63809618479285, 0.23816280725833, 0.01653979004345, 0.00441862740735], [0.10276449177975, 0.71332837665371, 0.15432463259776, 0.02285573159491, 0.00672676737387], [0.30127002928377, 0.52445755733834, 0.15294619361594, 0.01113783680567, 0.01018838295628], [0.30127002928377, 0.52445755733834, 0.15294619361594, 0.01113783680567, 0.01018838295628], [0.19449431284004, 0.54448100275234, 0.24700058637225, 0.00961010196843, 0.00441399606694], [0.35295916518705, 0.44158631506845, 0.16303714448879, 0.02109267261447, 0.02132470264125], [0.0815684899292, 0.36866181478784, 0.31326727271122, 0.20434055494379, 0.03216186762795], [0.1361380336848, 0.71220194273536, 0.12097209731822, 0.0215126967648, 0.00917522949682], [0.07280000122488, 0.53539279901835, 0.34412497600232, 0.03698874008942, 0.01069348366503], [0.07280000122488, 0.53539279901835, 0.34412497600232, 0.03698874008942, 0.01069348366503], [0.13629818269543, 0.51603051538083, 0.26517975279237, 0.05690217709, 0.02558937204137], [0.14060147689018, 0.64964034224456, 0.18985398037301, 0.01461283881549, 0.00529136167676], [0.14060147689018, 0.64964034224456, 0.18985398037301, 0.01461283881549, 0.00529136167676], [0.06943099561373, 0.69446060173447, 0.21078712732823, 0.02096795604682, 0.00435331927676], [0.74102334290273, 0.20106344660429, 0.04521170397238, 0.00252180103183, 0.01017970548878], [0.16768427646591, 0.66612405692232, 0.14423240067993, 0.01299495923204, 0.00896430669979], [0.30883007785765, 0.49724630917126, 0.17340542723818, 0.01040600833368, 0.01011217739923], [0.30883007785765, 0.49724630917126, 0.17340542723818, 0.01040600833368, 0.01011217739923], [0.10807070745561, 0.31485192707013, 0.52413950344359, 0.04003514342538, 0.01290271860529], [0.10807070745561, 0.31485192707013, 0.52413950344359, 0.04003514342538, 0.01290271860529], [0.46361469660293, 0.38611075077541, 0.13695702191665, 0.00559015546315, 0.00772737524186], [0.46361469660293, 0.38611075077541, 0.13695702191665, 0.00559015546315, 0.00772737524186], [0.46361469660293, 0.38611075077541, 0.13695702191665, 0.00559015546315, 0.00772737524186], [0.25416009097498, 0.61261496778425, 0.10544737883179, 0.01684212690477, 0.01093543550421], [0.46330090177155, 0.41986202361266, 0.09687452620424, 0.00655897788568, 0.01340357052587], [0.1710694462181, 0.59014830827323, 0.19800720668418, 0.02638256579268, 0.01439247303182], [0.12977831588893, 0.63595368083375, 0.1779988054834, 0.04196469013197, 0.01430450766195], [0.25778981537547, 0.63041277512111, 0.09751965513515, 0.00929116389825, 0.00498659047002], [0.25778981537547, 0.63041277512111, 0.09751965513515, 0.00929116389825, 0.00498659047002], [0.2024594923522, 0.57076783015595, 0.18013738809296, 0.02880581185816, 0.01782947754074], [0.09432930376865, 0.57486586063629, 0.30424304475991, 0.02041758323848, 0.00614420759667], [0.26407265053263, 0.57781754532098, 0.12969399546273, 0.01571953779622, 0.01269627088744], [0.26407265053263, 0.57781754532098, 0.12969399546273, 0.01571953779622, 0.01269627088744], [0.11071894252025, 0.68289587523987, 0.17362386984663, 0.02594873543262, 0.00681257696063], [0.21694846904831, 0.66403123805018, 0.10027194523477, 0.01260384412092, 0.00614450354583], [0.21694846904831, 0.66403123805018, 0.10027194523477, 0.01260384412092, 0.00614450354583], [0.21694846904831, 0.66403123805018, 0.10027194523477, 0.01260384412092, 0.00614450354583], [0.21694846904831, 0.66403123805018, 0.10027194523477, 0.01260384412092, 0.00614450354583], [0.22517183753255, 0.56782590887199, 0.18572980109976, 0.01445160263493, 0.00682084986077], [0.22517183753255, 0.56782590887199, 0.18572980109976, 0.01445160263493, 0.00682084986077], [0.14915272885607, 0.63276933960018, 0.18877231707079, 0.0189209861912, 0.01038462828175], [0.21404446487503, 0.59226150730459, 0.11517146332613, 0.04184527032025, 0.03667729417399], [0.10679492424888, 0.49396372027728, 0.1540927829374, 0.18517420612813, 0.05997436640832], [0.18090397550293, 0.63905337368958, 0.14415714425929, 0.02301464586981, 0.01287086067839], [0.18090397550293, 0.63905337368958, 0.14415714425929, 0.02301464586981, 0.01287086067839], [0.05374924323114, 0.35964903411838, 0.44389948690585, 0.12762755542363, 0.015074680321], [0.09213471399305, 0.5590126672219, 0.29553796896774, 0.03932578270621, 0.0139888671111], [0.09213471399305, 0.5590126672219, 0.29553796896774, 0.03932578270621, 0.0139888671111], [0.17349810300006, 0.58519072133722, 0.15151754910685, 0.05722401572107, 0.0325696108348], [0.12092001335218, 0.62011273847654, 0.2011376396955, 0.04106552771604, 0.01676408075973], [0.12092001335218, 0.62011273847654, 0.2011376396955, 0.04106552771604, 0.01676408075973], [0.12092001335218, 0.62011273847654, 0.2011376396955, 0.04106552771604, 0.01676408075973], [0.33462155837294, 0.53193005783072, 0.11313589213435, 0.00847991085846, 0.01183258080353], [0.33462155837294, 0.53193005783072, 0.11313589213435, 0.00847991085846, 0.01183258080353], [0.07018717962954, 0.27897712126596, 0.14928854325273, 0.40269534426054, 0.09885181159123], [0.12540852754241, 0.61823110755507, 0.15610394528911, 0.06584650120051, 0.03440991841289], [0.18042212582756, 0.53675197136935, 0.20998606043643, 0.0433865550162, 0.02945328735047], [0.17799632630566, 0.67478908693487, 0.12456845706078, 0.01529518493642, 0.00735094476227], [0.17799632630566, 0.67478908693487, 0.12456845706078, 0.01529518493642, 0.00735094476227], [0.09537804944229, 0.60133042155936, 0.28168666159429, 0.01664785180202, 0.00495701560203], [0.11120221313983, 0.59251152854404, 0.18459793489894, 0.08795500073804, 0.02373332267915], [0.14242353006575, 0.73777403811059, 0.09736572336153, 0.01589565344505, 0.00654105501708], [0.09593630160504, 0.64238610361512, 0.24362933298962, 0.01307022884668, 0.00497803294354], [0.16084775912795, 0.74196846635262, 0.07218209585293, 0.01844167351751, 0.00656000514899], [0.12189846250118, 0.68134020535143, 0.15708750047287, 0.02931472897418, 0.01035910270033], [0.14593353176455, 0.66180661251704, 0.15653457806261, 0.02574065471719, 0.00998462293861], [0.16592676242372, 0.69559855481377, 0.11984514525672, 0.01227131884096, 0.00635821866483], [0.10962268667882, 0.54130671233371, 0.14889813651792, 0.15063883846455, 0.049533626005], [0.12706702114497, 0.7455873867798, 0.0997177692853, 0.02061391084421, 0.00701391194572], [0.27077400015035, 0.54127967615646, 0.14366286174611, 0.0266298631517, 0.01765359879539], [0.17368023024168, 0.7241554928014, 0.08613480245361, 0.01160853809723, 0.00442093640608], [0.0920726827914, 0.32242399041319, 0.18021898886265, 0.29557532652737, 0.10970901140538], [0.20506366840603, 0.59507090093521, 0.17933921155035, 0.01379155137475, 0.00673466773366], [0.14507767909145, 0.69912791557085, 0.12532845711621, 0.02123473165146, 0.00923121657003], [0.19711450033779, 0.63753672846892, 0.14338908799561, 0.01228739469551, 0.00967228850217], [0.09604406750946, 0.52038569249798, 0.29372185413485, 0.06719326282028, 0.02265512303743], [0.05510550972332, 0.43377822502388, 0.45009394693974, 0.05070991990536, 0.0103123984077], [0.05510550972332, 0.43377822502388, 0.45009394693974, 0.05070991990536, 0.0103123984077], [0.12086122278012, 0.52885065542855, 0.15512067455169, 0.14343855630803, 0.05172889093161], [0.15414231438289, 0.59468171763641, 0.20978690929134, 0.02822831160403, 0.01316074708533], [0.10276449177975, 0.71332837665371, 0.15432463259776, 0.02285573159491, 0.00672676737387], [0.30560733258651, 0.52039691799695, 0.15291836047445, 0.0109323901294, 0.01014499881269], [0.30560733258651, 0.52039691799695, 0.15291836047445, 0.0109323901294, 0.01014499881269], [0.10458436364849, 0.55811919982062, 0.19771175912285, 0.10486024455025, 0.03472443285778], [0.01586839126623, 0.08073435198644, 0.18815229610154, 0.64871076651627, 0.06653419412953], [0.2526120217603, 0.57927899748024, 0.14394798975124, 0.01342545958927, 0.01073553141895], [0.15931513956443, 0.68429369003043, 0.1110937228157, 0.03069333266281, 0.01460411492663], [0.25821572719152, 0.62884269196885, 0.09368332118231, 0.00852533495446, 0.01073292470286], [0.10675778710253, 0.57812566073287, 0.22435587375434, 0.06571533030925, 0.025045348101], [0.1007703525, 0.54718917007182, 0.25945310783651, 0.06656844560467, 0.02601892398699], [0.1007703525, 0.54718917007182, 0.25945310783651, 0.06656844560467, 0.02601892398699], [0.08261684128793, 0.43341456425891, 0.31637678305544, 0.12837197806153, 0.03921983333619], [0.09714857194906, 0.62991872694133, 0.24180988849989, 0.02233803189093, 0.00878478071878], [0.04824351307657, 0.34010676605637, 0.5019402107651, 0.09004454792264, 0.01966496217933], [0.15750222624579, 0.67584562999218, 0.13240770054941, 0.02319878810601, 0.01104565510662], [0.11011675130478, 0.65819934580061, 0.20033364036469, 0.02362015524653, 0.00773010728339], [0.11011675130478, 0.65819934580061, 0.20033364036469, 0.02362015524653, 0.00773010728339], [0.09180591899919, 0.52429381998932, 0.29503202247021, 0.06770691473924, 0.02116132380204], [0.09180591899919, 0.52429381998932, 0.29503202247021, 0.06770691473924, 0.02116132380204], [0.0940112134936, 0.34456452613325, 0.47518489632353, 0.0687123986059, 0.01752696544372], [0.24973826590098, 0.59250159768436, 0.13407534627099, 0.01442574516556, 0.0092590449781], [0.15338973255307, 0.66221097518328, 0.13198248464305, 0.036734284639, 0.0156825229816], [0.14335585672535, 0.65705266997964, 0.13387613808763, 0.04778788810007, 0.01792744710731], [0.17939234719185, 0.65290071071361, 0.13969133920729, 0.01826291989023, 0.00975268299701], [0.17315232784428, 0.67346464723772, 0.12423415127961, 0.01909276911324, 0.01005610452516], [0.18788057185661, 0.54567637655188, 0.23587373506208, 0.02242963176013, 0.0081396847693]], "Yugoslavia": [], "Walter": [], "Vladimir": [], "Alexander": [], "Yalta": [], "Franco": [[0.21024040599468, 0.56463403835147, 0.1877229555941, 0.02614315222076, 0.01125944783899], [0.21024040599468, 0.56463403835147, 0.1877229555941, 0.02614315222076, 0.01125944783899], [0.06771715397716, 0.26389487978955, 0.159785923455, 0.42243538252196, 0.08616666025633], [0.2410180982953, 0.56199200228954, 0.1822675027156, 0.00997169069183, 0.00475070600773], [0.07609490079209, 0.58595077627413, 0.27120541183444, 0.05425056628897, 0.01249834481037], [0.19741257101152, 0.65502496111487, 0.10671597154022, 0.0245566687052, 0.01628982762819]], "Nixon": [[0.07577757621047, 0.30143976623768, 0.55505622648836, 0.05375004079506, 0.01397639026843], [0.07577757621047, 0.30143976623768, 0.55505622648836, 0.05375004079506, 0.01397639026843], [0.19008476278326, 0.56949716293643, 0.21169758506271, 0.02049021018194, 0.00823027903566], [0.06323387845422, 0.6063215736157, 0.30669166085401, 0.0197387928782, 0.00401409419787], [0.25514402273837, 0.60764545254577, 0.12168102885492, 0.0076677675757, 0.00786172828524], [0.10208991768666, 0.69454161792493, 0.17252183155674, 0.02397574664452, 0.00687088618714], [0.17870157122687, 0.66047047832716, 0.14585758622964, 0.01009582651995, 0.00487453769637], [0.0544456968447, 0.58426324351294, 0.34147180129225, 0.01601140274155, 0.00380785560857], [0.34121606821465, 0.38860289882198, 0.24017134398398, 0.01417856804294, 0.01583112093645], [0.01887316133027, 0.11504238477489, 0.41579203653104, 0.42462465595597, 0.02566776140783]], "USA": [], "Ottoman": [], "Union": [], "Gaddafi": [[0.09003618631685, 0.32923307038592, 0.17983673474359, 0.29734476317196, 0.10354924538169], [0.09003618631685, 0.32923307038592, 0.17983673474359, 0.29734476317196, 0.10354924538169], [0.04155229485588, 0.27898919878421, 0.5553362613009, 0.10656895024075, 0.01755329481826], [0.08613332705139, 0.40580169679517, 0.18821477540061, 0.26580760993929, 0.05404259081354], [0.29693938812235, 0.56054702547818, 0.13255509171452, 0.00492502804734, 0.00503346663761], [0.13183561610107, 0.79505633294158, 0.05664329717805, 0.01203751110754, 0.00442724267175], [0.13183561610107, 0.79505633294158, 0.05664329717805, 0.01203751110754, 0.00442724267175], [0.46031746564883, 0.4787847029298, 0.04093713424225, 0.00497392778171, 0.01498676939741], [0.46031746564883, 0.4787847029298, 0.04093713424225, 0.00497392778171, 0.01498676939741], [0.08570797902257, 0.57915016337609, 0.27794476595575, 0.0449293795871, 0.01226771205849], [0.10084732033887, 0.67771606194927, 0.20132795013545, 0.01414236664772, 0.00596630092869], [0.20333186730368, 0.6085257146215, 0.17365713654799, 0.00815937572032, 0.00632590580651]], "Lithuania": [[0.25619493159445, 0.62114430337478, 0.10571993643378, 0.0079509853146, 0.00898984328239], [0.11362527804141, 0.63571628525997, 0.20429975674492, 0.03648420043142, 0.00987447952228], [0.12717735737101, 0.64555861699313, 0.21095410921868, 0.01082816930353, 0.00548174711366], [0.30059338748739, 0.50447698275869, 0.16406565177414, 0.01540074946651, 0.01546322851327], [0.20994339910372, 0.67895777110397, 0.09208631219931, 0.01464378468904, 0.00436873290395], [0.33218648465986, 0.45470773588563, 0.17639046763336, 0.02185755693873, 0.01485775488243], [0.14088675355263, 0.68383968669314, 0.15091828087845, 0.01832599680641, 0.00602928206937], [0.14088675355263, 0.68383968669314, 0.15091828087845, 0.01832599680641, 0.00602928206937], [0.19487561308079, 0.65330803212581, 0.08999238110447, 0.03816239916946, 0.02366157451946]], "Center": [], "David": [], "China": [[0.21781338689753, 0.48752117040952, 0.10057436934613, 0.11225967464123, 0.08183139870558], [0.14280585530826, 0.34209437538229, 0.11293557706541, 0.23655952154163, 0.16560467070241], [0.20166705344582, 0.56725970424543, 0.20639405507019, 0.01581387132697, 0.00886531591159], [0.03546021439055, 0.343309453962, 0.49459382078636, 0.11622395036452, 0.01041256049658], [0.85485707783993, 0.12505591349849, 0.01389286923031, 0.000436489193, 0.00575765023827], [0.48550540073899, 0.42103377533898, 0.05699089136797, 0.01090700221964, 0.02556293033442], [0.0448670113966, 0.60948820866618, 0.3275854573499, 0.01528938850571, 0.00276993408161], [0.08047633653693, 0.2615549623113, 0.57747561629947, 0.06391506006492, 0.01657802478737], [0.15146947696902, 0.66669644038897, 0.16076738957523, 0.01560637039272, 0.00546032267405], [0.28827603944033, 0.53938787871055, 0.15467458876859, 0.01025070824973, 0.0074107848308], [0.25283514883294, 0.59911395452494, 0.12820480041775, 0.00953626527124, 0.01030983095312], [0.05086003926967, 0.26937314361477, 0.57971870372849, 0.08286607418702, 0.01718203920006], [0.10209583422327, 0.49913220633033, 0.22363484998221, 0.1402488525974, 0.03488825686678], [0.23233343982219, 0.55605873148071, 0.19972376076066, 0.00764250403036, 0.00424156390608], [0.19599684453821, 0.64400025772058, 0.13180659068861, 0.0209952353458, 0.00720107170679], [0.12891840401082, 0.60481483764507, 0.22085499015908, 0.034560258618, 0.01085150956702], [0.07050180014179, 0.55636593668027, 0.28801655032834, 0.07194526117677, 0.01317045167283], [0.10034055170143, 0.66102514545173, 0.22433006555721, 0.00984440523624, 0.0044598320534], [0.20994950333176, 0.59193172629899, 0.18515190578907, 0.00837669559607, 0.00459016898411], [0.13815856596239, 0.64906801697242, 0.18651306261694, 0.01792375671382, 0.00833659773443], [0.13036753224858, 0.602013498428, 0.24107214665867, 0.01940595434546, 0.0071408683193], [0.23445593335808, 0.61705892448105, 0.13782118574777, 0.00682621539461, 0.00383774101849], [0.13215450684522, 0.68542515726732, 0.15288461404814, 0.02083212551402, 0.0087035963253]], "Nanjing": [[0.20150481871037, 0.55207250772807, 0.21435943201065, 0.02090066001343, 0.01116258153747], [0.04404629658938, 0.55042235170674, 0.36800000049393, 0.03290464452336, 0.00462670668659], [0.090756721073, 0.71933873950185, 0.1743755762381, 0.01162963901309, 0.00389932417396], [0.33031780867032, 0.52882921368805, 0.11579045749251, 0.01373225801071, 0.01133026213842], [0.1214660993357, 0.67098623259811, 0.18327059508734, 0.01659743004053, 0.00767964293833], [0.17340859551725, 0.59