{"Fletcher": [], "Honolulu": [[0.11030034149588, 0.6014250675427, 0.20899092688153, 0.05869987703226, 0.02058378704763], [0.11420470560877, 0.57274981025448, 0.2698696761771, 0.03109018875552, 0.01208561920413], [0.04546429249346, 0.45975782430242, 0.41778462745459, 0.0689568347188, 0.00803642103072], [0.05617718354992, 0.27866577647084, 0.38449172766393, 0.22840900034632, 0.05225631196899], [0.31725780422698, 0.53099762155568, 0.12485831255858, 0.01142638976778, 0.01545987189097], [0.40350769059053, 0.34798971925614, 0.1969112736444, 0.0213076733219, 0.03028364318702]], "George": [[0.01186819815262, 0.03462483838463, 0.07989734093093, 0.72368826660086, 0.14992135593095], [0.02286906776617, 0.03593561634877, 0.03796218780399, 0.55864476205763, 0.34458836602344], [0.27962333385743, 0.60727904840338, 0.08442230207783, 0.01432067220874, 0.01435464345262], [0.04556047803342, 0.29942524119271, 0.57087748189326, 0.06966606299914, 0.01447073588148], [0.12288496842876, 0.65394522216309, 0.18989952276193, 0.02276259540645, 0.01050769123978], [0.19550106394176, 0.73076991996346, 0.05715129821021, 0.01085074570122, 0.00572697218336], [0.42213734972938, 0.39641609167094, 0.15183639846783, 0.01403549927296, 0.01557466085888], [8.551393061e-05, 0.00107617684955, 0.99337955681206, 0.00530870208161, 0.00015005032617], [0.43314981208179, 0.44298878753596, 0.08095381072435, 0.01648687038402, 0.02642071927387], [0.18779092131135, 0.63957992214328, 0.15840882258316, 0.00855777082222, 0.00566256313999], [0.18978153627762, 0.61616815338203, 0.17758740966842, 0.0086451699055, 0.00781773076642], [0.21210249098043, 0.63554035687962, 0.12835168292001, 0.01409512711898, 0.00991034210097], [0.00293692416022, 0.0375739672664, 0.91061477478251, 0.04684471656022, 0.00202961723065], [0.12900912101603, 0.68885674904538, 0.16423841581561, 0.01329010487089, 0.00460560925209], [0.05616438268386, 0.62370687191833, 0.26479124356786, 0.04881554664999, 0.00652195517997], [0.2950168764045, 0.53657845414376, 0.14991906968196, 0.01149582281953, 0.00698977695025], [0.00090761868111, 0.00718125787188, 0.96325467305072, 0.02743337388678, 0.0012230765095], [0.17663281630641, 0.65299293087132, 0.13630169701255, 0.02249151151081, 0.01158104429892], [0.36313310189398, 0.44394163433676, 0.12961995919049, 0.03217766000084, 0.03112764457793], [0.0632599564312, 0.68253263963479, 0.23132283825713, 0.01847784169435, 0.00440672398253], [0.00749324102581, 0.02876619912879, 0.07815441917083, 0.75297659114594, 0.13260954952864], [0.05060893950173, 0.39255373219371, 0.50408927467455, 0.0415998049527, 0.0111482486773], [0.21981170202078, 0.65272601221521, 0.10666128193616, 0.01069757781336, 0.0101034260145], [0.07182932885532, 0.52823671310251, 0.3560513440044, 0.03566636856941, 0.00821624546836], [0.04171727714851, 0.18562263217576, 0.32539661825816, 0.37733521338111, 0.06992825903646], [0.19081096463522, 0.64404801713032, 0.12944134333442, 0.02115550245976, 0.01454417244028], [0.09338068636111, 0.704695231579, 0.17620924231912, 0.02027355257813, 0.00544128716265], [0.05013376227496, 0.52952049835352, 0.37749103593764, 0.03755879706171, 0.00529590637216], [0.09239322791618, 0.57376341278177, 0.30645038243942, 0.02030474371708, 0.00708823314555], [0.00469158705224, 0.03444474515942, 0.91610555685598, 0.04089942494093, 0.00385868599143], [0.11791088223556, 0.68432131676347, 0.18343274310554, 0.01052333836331, 0.00381171953212], [0.08810448270826, 0.57951527936274, 0.30463291894108, 0.02008758372941, 0.00765973525852], [0.11493618232052, 0.6968693768352, 0.16333485822705, 0.01611870894157, 0.00874087367566], [0.11686188295192, 0.67817205584274, 0.18720732973286, 0.01171144299988, 0.0060472884726], [0.0093945920822, 0.10230113455306, 0.80996876675774, 0.0723534576848, 0.0059820489222], [0.0067238118269, 0.09048295963666, 0.87962991470035, 0.02116911554583, 0.00199419829027], [0.00444139367717, 0.04509071988781, 0.91016605189782, 0.03679577158335, 0.00350606295386], [0.00444139367717, 0.04509071988781, 0.91016605189782, 0.03679577158335, 0.00350606295386], [0.00011261923248, 0.00167412595646, 0.99708865926736, 0.00105250169249, 7.209385121e-05], [0.21227617614023, 0.58160535390201, 0.16598988240333, 0.02581582537379, 0.01431276218064], [0.05788047799492, 0.62838045076157, 0.28423736040362, 0.0234296300244, 0.00607208081549], [0.11136715657928, 0.62251478742804, 0.21041138519446, 0.04169113962167, 0.01401553117654], [0.16485954780986, 0.6668384760842, 0.14796136073192, 0.01310483588394, 0.00723577949009], [0.0089208648932, 0.08189327113505, 0.72867385688774, 0.1710277288689, 0.0094842782151], [0.00759417823496, 0.09604877435948, 0.86035429895993, 0.03222860480569, 0.00377414363994], [0.08756237690582, 0.77130070268998, 0.12258804671231, 0.01463342546829, 0.0039154482236], [0.01090498951512, 0.0976526616691, 0.79883611521417, 0.08346539122149, 0.00914084238011], [0.08378720572438, 0.6108228087561, 0.25643356772212, 0.03767845746363, 0.01127796033377], [0.50626263475859, 0.42592909155495, 0.05624318893138, 0.00272518549849, 0.00883989925659], [0.23694694099161, 0.59650513375052, 0.12023790311968, 0.02527958910406, 0.02103043303413]], "Andrew": [[0.17517762605631, 0.51972056447171, 0.27035648615219, 0.02351015239119, 0.01123517092861], [0.16373724680347, 0.62544413127775, 0.18677775079065, 0.0151843705511, 0.00885650057703], [0.00172723232849, 0.02239904791491, 0.95509766085573, 0.01935656488745, 0.00141949401343], [0.15696716363187, 0.64741164947845, 0.15762932852162, 0.02678966396706, 0.01120219440099], [0.1729136336549, 0.6219963705442, 0.18006789149063, 0.01851516437728, 0.00650693993299], [0.17349775348885, 0.63697418923482, 0.1558812300935, 0.02461653088197, 0.00903029630086], [0.08016555672425, 0.50747963756996, 0.3361018831926, 0.0585616129546, 0.0176913095586]], "Yugoslavia": [[0.11930541073837, 0.65760110648763, 0.16488966829028, 0.04340379597218, 0.01480001851153], [0.11343107794884, 0.68839860487981, 0.17834453671279, 0.01445357654336, 0.0053722039152], [0.24107211147574, 0.56623612350953, 0.16563022410851, 0.01550815647277, 0.01155338443345], [0.17065722006706, 0.66036677549739, 0.15192380562049, 0.01039129593898, 0.00666090287608], [0.21117462816758, 0.67360481835022, 0.10015130635301, 0.00770887150915, 0.00736037562004], [0.18872713815087, 0.60140091453423, 0.17454454893173, 0.02210432725502, 0.01322307112816], [0.06575542496407, 0.52563849542775, 0.30566946751825, 0.08745642736188, 0.01548018472806], [0.08031037856742, 0.68409405742112, 0.20473025156153, 0.02633712781243, 0.00452818463749], [0.16853801797072, 0.65295216910044, 0.16137712469034, 0.01186240424717, 0.00527028399132], [0.07546444487058, 0.58053162933945, 0.30340814941974, 0.03131972869847, 0.00927604767175], [0.14088489561815, 0.64322120763344, 0.19480593451437, 0.01497214529069, 0.00611581694334], [0.53172998728865, 0.39468049443347, 0.06274247879878, 0.00252209780799, 0.00832494167112], [0.22013642700142, 0.58030621029403, 0.17114592144868, 0.01730250261365, 0.01110893864223], [0.07055793847829, 0.33337407784077, 0.34089048899719, 0.20136093163842, 0.05381656304533], [0.36923298313272, 0.5051837753287, 0.10553670725165, 0.0102921464167, 0.00975438787024]], "Norway": [[0.01430214451603, 0.03077685673657, 0.06736186085572, 0.68536006489201, 0.20219907299967], [0.00197405203234, 0.00338804679956, 0.01539453204172, 0.79765648280568, 0.1815868863207], [0.23083356658638, 0.64524465273261, 0.10913035673879, 0.00903267301352, 0.00575875092869], [0.12403316857744, 0.64502611953844, 0.21118434455972, 0.01392288770502, 0.00583347961938], [0.05242185356134, 0.24260590172362, 0.34138165845573, 0.29661475328059, 0.06697583297871], [0.06160645577005, 0.33873244943163, 0.53894820886223, 0.04896586339037, 0.01174702254572], [0.17121503468117, 0.71145999963096, 0.08350111452314, 0.02328155822109, 0.01054229294365], [0.06698458608934, 0.30304868729182, 0.25462277366944, 0.30469133563365, 0.07065261731575], [0.07236132714475, 0.52872214504792, 0.29213667532063, 0.08865385355021, 0.0181259989365], [0.26521544615632, 0.54584723928756, 0.16580482514753, 0.01186475636523, 0.01126773304334], [0.06940955183081, 0.59783223170146, 0.27920447909082, 0.04557111571261, 0.0079826216643], [0.11185990541598, 0.60568674996179, 0.25010358557048, 0.02452929976609, 0.00782045928566], [0.15947133652278, 0.68054726964982, 0.14391971608838, 0.01107388389032, 0.00498779384869], [0.24338250883573, 0.56346414692065, 0.16982815166283, 0.01395037586967, 0.00937481671112], [0.12883209917871, 0.4450973395958, 0.18153616992993, 0.1825257646899, 0.06200862660566], [0.27814501518962, 0.66542304615231, 0.03447822560982, 0.01069853819297, 0.01125517485528], [0.3891416521383, 0.457634803473, 0.13885288559067, 0.00444930801303, 0.00992135078501], [0.09624849581525, 0.3955353624119, 0.24795947881266, 0.19494449525035, 0.06531216770983], [0.18966937826037, 0.3195616732707, 0.06580725189759, 0.26854590828454, 0.15641578828679], [0.06825921383953, 0.33775393746634, 0.35497298927512, 0.18987766040706, 0.04913619901195], [0.16388219341993, 0.53861872083638, 0.24105551344106, 0.03851922488981, 0.01792434741283], [0.04102559690917, 0.2465292928676, 0.47896107970388, 0.19671791256638, 0.03676611795297], [0.01287321655282, 0.05849849064998, 0.19062811331759, 0.67392276144866, 0.06407741803095], [0.24542830561248, 0.60681545399264, 0.11574453991548, 0.01727524197325, 0.01473645850614]], "International": [[0.427035091405, 0.45172974294809, 0.09414784999553, 0.01020996190082, 0.01687735375057], [0.20591472192438, 0.62955754744517, 0.11032203149462, 0.02901401575859, 0.02519168337723], [0.24515514605297, 0.57729296162057, 0.15417538462072, 0.01171869710485, 0.01165781060089], [0.22607297170225, 0.61693293295459, 0.10004319838024, 0.02854305338991, 0.028407843573], [0.17176561210453, 0.35751573139898, 0.12209282213505, 0.20843118186768, 0.14019465249376], [0.26155718836753, 0.57225961200655, 0.14383613616659, 0.01166320053965, 0.01068386291968], [0.41066450625324, 0.49901125898143, 0.07491321183339, 0.00586473795382, 0.00954628497811], [0.50779051981789, 0.39104809061935, 0.08559956214455, 0.00478214298843, 0.01077968442978], [0.13828702150954, 0.61712751242838, 0.18983066073175, 0.03705484442846, 0.01769996090188], [0.34250259191299, 0.52039079110471, 0.10388004469875, 0.01380173150254, 0.01942484078101], [0.352571097625, 0.4615781588152, 0.16695300258479, 0.00988677124365, 0.00901096973135], [0.22688596183794, 0.62038860089351, 0.12604774232065, 0.01466764803439, 0.01201004691351], [0.15571619133555, 0.49390274848263, 0.16276316165341, 0.11717601167841, 0.07044188685], [0.04738035844002, 0.37570863875349, 0.48225277594952, 0.07810649967878, 0.0165517271782], [0.07002026862721, 0.49289728325132, 0.34574508211987, 0.07270071491703, 0.01863665108457], [0.1307673516982, 0.65928780610231, 0.17845357594462, 0.02161952154988, 0.009871744705], [0.32735047155091, 0.54324630180099, 0.11551237929447, 0.00618140688174, 0.0077094404719], [0.3827339217463, 0.48608348119788, 0.06600235143839, 0.02232517246052, 0.0428550731569], [0.13395695649065, 0.5448298592451, 0.23568381869299, 0.06398466144206, 0.02154470412921], [0.26285118506344, 0.62885819189838, 0.08492319612925, 0.01002565527214, 0.0133417716368], [0.11204378346145, 0.57198076733367, 0.29476680314545, 0.01442622689176, 0.00678241916766]], "Algeria": [[0.01430214451603, 0.03077685673657, 0.06736186085572, 0.68536006489201, 0.20219907299967], [0.17526681127548, 0.67825436619299, 0.13372141623857, 0.00737076729793, 0.00538663899503], [0.05100176186677, 0.48593535230894, 0.3622006309774, 0.08792401501656, 0.01293823983033], [0.33597654229749, 0.46411400714572, 0.18511811576162, 0.00770327894452, 0.00708805585064], [0.16702021901865, 0.64813506084998, 0.16405842725154, 0.01327848766266, 0.00750780521717], [0.04102559690917, 0.2465292928676, 0.47896107970388, 0.19671791256638, 0.03676611795297], [0.05525199401885, 0.39982762273065, 0.38077082234141, 0.13980870146303, 0.02434085944605], [0.35489182602057, 0.46009219912247, 0.15044925157119, 0.01517789407095, 0.01938882921483]], "Hungary": [[0.21575026431706, 0.65954109789042, 0.10341213210948, 0.01270813015984, 0.00858837552321], [0.14055415361722, 0.73841141748399, 0.1112772237711, 0.00664004935894, 0.00311715576875], [0.14396566368653, 0.67480243111901, 0.16259529351088, 0.01293031843457, 0.00570629324901], [0.22405776749844, 0.63167545502134, 0.1166496681941, 0.01314213479741, 0.01447497448872], [0.15731288025111, 0.68536468217496, 0.12541461815334, 0.02233959780049, 0.0095682216201], [0.15122941084313, 0.61958768784181, 0.20671274527602, 0.01438374702385, 0.00808640901519], [0.52572225548034, 0.34674621482263, 0.1044571617093, 0.00815348525681, 0.01492088273093], [0.18966937826037, 0.3195616732707, 0.06580725189759, 0.26854590828454, 0.15641578828679], [0.22943088006315, 0.57011207948641, 0.09882431924469, 0.0505387186171, 0.05109400258864], [0.22725330769395, 0.6061588475618, 0.11011986774895, 0.03130633167237, 0.02516164532293], [0.12201752905164, 0.43142256329311, 0.2121864350014, 0.17202537849341, 0.06234809416044], [0.06868429739316, 0.45547130008974, 0.33667777239313, 0.11180966622255, 0.02735696390141], [0.04192668233968, 0.23511767992068, 0.31172780521338, 0.36252777428533, 0.04870005824093], [0.14332024064931, 0.67600648518246, 0.16873671001381, 0.00770676667842, 0.004229797476], [0.02896284339238, 0.36444473886714, 0.57241973543252, 0.03047183805742, 0.00370084425054], [0.12266684440117, 0.66768932808513, 0.1843423245643, 0.01895855520276, 0.00634294774664], [0.01857906255465, 0.23718690022306, 0.66359392056261, 0.0751279898497, 0.00551212680997], [0.07678809985524, 0.73554443503411, 0.17260727706701, 0.01165737108553, 0.0034028169581], [0.04500713997481, 0.51033815198934, 0.3878049096534, 0.05090686075443, 0.00594293762802], [0.05465381158186, 0.48402422459003, 0.43710759376369, 0.01886555419533, 0.00534881586909], [0.15985040351986, 0.61984801455391, 0.2012551054888, 0.01183782292668, 0.00720865351075], [0.03547006768178, 0.30896129966492, 0.58706949506891, 0.06076120074231, 0.00773793684207], [0.04102559690917, 0.2465292928676, 0.47896107970388, 0.19671791256638, 0.03676611795297], [0.10894912919981, 0.64763977429452, 0.20171376500245, 0.03194576179555, 0.00975156970765], [0.09011817756205, 0.73485910774235, 0.11768853498367, 0.0488594734531, 0.00847470625883], [0.36923298313272, 0.5051837753287, 0.10553670725165, 0.0102921464167, 0.00975438787024]], "Joachim": [[0.22741302585459, 0.62322629756524, 0.13033110002277, 0.0112478152955, 0.0077817612619], [0.06089737038498, 0.50060698976036, 0.36679564945218, 0.05998708878621, 0.01171290161626], [0.16856165666357, 0.64991833936605, 0.13159163772409, 0.03005344877733, 0.01987491746896], [0.06574932362266, 0.32438811625348, 0.40024026403058, 0.16795800930041, 0.04166428679287], [0.10584209883633, 0.60778023105744, 0.23066494132143, 0.04024297629886, 0.01546975248594], [0.40955564709182, 0.46814639845172, 0.09771959667004, 0.00978244011066, 0.01479591767575], [0.11023855582287, 0.44136644344316, 0.30771618228732, 0.10042902016927, 0.04024979827738], [0.23731255863161, 0.53585810533722, 0.10662397623302, 0.059878820464, 0.06032653933416], [0.16527460615886, 0.6390428192385, 0.10981268652516, 0.05885826726105, 0.02701162081643], [0.20800190244147, 0.65193029969289, 0.1218307898175, 0.01187974737319, 0.00635726067495]], "Gaddafi": [[0.05529333437705, 0.47899904347131, 0.41370211496441, 0.04342529253238, 0.00858021465485], [0.03207706472412, 0.22612813090211, 0.47057919623638, 0.2433340119686, 0.02788159616878], [0.1992463302083, 0.51632458420705, 0.14731879387273, 0.09761919089638, 0.03949110081554], [0.12652410231281, 0.63279364809339, 0.19385745976531, 0.03444491682009, 0.0123798730084], [0.19488961674534, 0.55849495315102, 0.21421634643085, 0.02050050891047, 0.01189857476232]], "National": [[0.32808794805128, 0.63473745830123, 0.03150317005691, 0.00222679268883, 0.00344463090175], [0.10321102192117, 0.58227457170968, 0.26242365631216, 0.03915780613349, 0.0129329439235], [0.03260543868988, 0.24891337042143, 0.56709019128012, 0.13003876381426, 0.02135223579432], [0.24330732140819, 0.53090073499549, 0.20047621043909, 0.01339858362317, 0.01191714953406], [0.64865778983964, 0.30472088255346, 0.03685483498071, 0.00185028073239, 0.00791621189379], [0.09556327519877, 0.44620634564005, 0.31350639793577, 0.10955447481078, 0.03516950641464], [0.18706258553919, 0.63729695288949, 0.14568024569935, 0.01678382953984, 0.01317638633212], [0.09956670762405, 0.60864435681312, 0.24106246341402, 0.03900894797973, 0.01171752416909], [0.10631513690858, 0.72656769650674, 0.15518266232878, 0.00915339445435, 0.00278110980155], [0.1683077415244, 0.65544583036629, 0.15783987728025, 0.01216293811832, 0.00624361271074], [0.08826080525702, 0.34227627058625, 0.28633447964806, 0.20935899433894, 0.07376945016973], [0.15715835916893, 0.61128433271283, 0.17612985084117, 0.04050058959702, 0.01492686768004], [0.08999367905895, 0.66643188357003, 0.22907672363691, 0.01088095230552, 0.00361676142859], [0.25168195293786, 0.56241140161388, 0.16582520798862, 0.0112371955027, 0.00884424195694], [0.07184580334507, 0.56236984894779, 0.30842852212169, 0.04549098094118, 0.01186484464428], [0.32253650903963, 0.60098795282492, 0.06025752544052, 0.00901675743098, 0.00720125526396], [0.11076947888601, 0.67383552980141, 0.19426841104141, 0.01597034784519, 0.00515623242598], [0.06785973411943, 0.37539199017122, 0.32165301474512, 0.19199444434259, 0.04310081662164], [0.17276265648108, 0.52427564760775, 0.27643968853843, 0.01616341892432, 0.01035858844843], [0.19081096463522, 0.64404801713032, 0.12944134333442, 0.02115550245976, 0.01454417244028], [0.00685398997278, 0.07840963516675, 0.85647823807148, 0.05621611655454, 0.00204202023445], [0.17557964456788, 0.63016397427137, 0.14870119624024, 0.02681886757135, 0.01873631734916], [0.23430153975953, 0.61060474341805, 0.09419910257505, 0.0327839490993, 0.02811066514807], [0.11580447256633, 0.67582659774536, 0.15790358740555, 0.03848398148206, 0.0119813608007], [0.15220749903449, 0.52765715633926, 0.24220256403227, 0.06034681799568, 0.01758596259829], [0.19802704525296, 0.69151322603326, 0.09415959665965, 0.01070823997436, 0.00559189207978], [0.13221855250486, 0.72994982060873, 0.1194097059084, 0.01339323686607, 0.00502868411194], [0.18164569200514, 0.58922633132133, 0.19244516872154, 0.0232860747764, 0.01339673317559], [0.32735047155091, 0.54324630180099, 0.11551237929447, 0.00618140688174, 0.0077094404719], [0.32735047155091, 0.54324630180099, 0.11551237929447, 0.00618140688174, 0.0077094404719], [0.04198708873293, 0.24735992931346, 0.45036767412801, 0.21971059708901, 0.04057471073659], [0.67306921792672, 0.28011669497766, 0.03687986524593, 0.00164530862694, 0.00828891322276], [0.30048713953059, 0.58628186888017, 0.09154903639854, 0.00966785801433, 0.01201409717637]], "Japanese": [[0.13195912698566, 0.56122151117485, 0.25441682667921, 0.04093206372737, 0.01147047143291], [0.42550202749638, 0.39375381697847, 0.15615009571371, 0.01097047386753, 0.01362358594391], [0.18596907306581, 0.61454320359322, 0.12507206190669, 0.04263988129709, 0.03177578013718], [0.0453946026395, 0.20165836243508, 0.28851147585594, 0.37704112277573, 0.08739443629375], [0.09864535120723, 0.52412651958935, 0.28551830967026, 0.06843993569934, 0.02326988383382]], "USA": [[0.12105608851775, 0.52076458977928, 0.28973857262712, 0.05202502446906, 0.0164157246068], [0.11985834621486, 0.67075192456367, 0.16773225446933, 0.03074197594841, 0.01091549880373], [0.01813682435073, 0.10031551336335, 0.38486985045898, 0.45496547683713, 0.0417123349898], [0.14461493616363, 0.60062331980626, 0.22163586032833, 0.02271732449969, 0.0104085592021], [0.14461493616363, 0.60062331980626, 0.22163586032833, 0.02271732449969, 0.0104085592021], [0.19797240593562, 0.63054362365013, 0.15929265695106, 0.00711656719384, 0.00507474626935], [0.22251471882315, 0.64425465514554, 0.09702013609034, 0.02076858948332, 0.01544190045764], [0.1086164316281, 0.77066966774302, 0.11015492829714, 0.00800830173964, 0.0025506705921], [0.20749591608197, 0.57720802094685, 0.18769045934713, 0.01677405591473, 0.01083154770933], [0.19979495950572, 0.5928003053146, 0.12101687941781, 0.05038343944585, 0.03600441631603], [0.04036878322695, 0.3582501288325, 0.37830056246325, 0.20223559486759, 0.0208449306097], [0.02010428563809, 0.06207870874324, 0.07705573773655, 0.73032092534066, 0.11044034254146], [0.12377931810477, 0.62882626591615, 0.20455696461974, 0.03140838164953, 0.01142906970981], [0.08866934903207, 0.49750641056306, 0.33510938066278, 0.05974805394165, 0.01896680580043], [0.14960231574135, 0.61264300256809, 0.17732666115387, 0.03905184259559, 0.02137617794111], [0.13875730625763, 0.67308088230144, 0.17664099232184, 0.00787573877077, 0.00364508034832], [0.31475923774071, 0.47227728585673, 0.1930707179196, 0.0097883499503, 0.01010440853266], [0.2686674113752, 0.55938251345264, 0.15425482587654, 0.01177762959872, 0.0059176196969], [0.11676401228174, 0.5684483242064, 0.21039999326745, 0.08002360570312, 0.02436406454129], [0.11676401228174, 0.5684483242064, 0.21039999326745, 0.08002360570312, 0.02436406454129], [0.14155654188478, 0.68276427581893, 0.16365281290655, 0.00791579468157, 0.00411057470818], [0.12184726810516, 0.57071963151752, 0.26183276221675, 0.03170586175202, 0.01389447640856], [0.06031484953192, 0.52812545152382, 0.33372105373074, 0.06473477278125, 0.01310387243227], [0.02767605102604, 0.06008730705584, 0.14154348468936, 0.5558717021855, 0.21482145504326], [0.08382166386632, 0.425213023171, 0.27798596292113, 0.17267572667275, 0.04030362336881], [0.54445786805257, 0.36174591826533, 0.07550757549413, 0.00536564162553, 0.01292299656244], [0.25609875123075, 0.54704147133476, 0.16430245064392, 0.0172239688635, 0.01533335792707], [0.12288496842876, 0.65394522216309, 0.18989952276193, 0.02276259540645, 0.01050769123978], [0.00849180404331, 0.01451885950367, 0.11144750389624, 0.52738657304032, 0.33815525951646], [0.04072877970842, 0.24655901898492, 0.19176339700995, 0.47667597481853, 0.04427282947819], [0.17050354117898, 0.67272190723615, 0.11918179237101, 0.0250530160767, 0.01253974313716], [0.11716822907451, 0.61606595015543, 0.23189728892874, 0.02558655012036, 0.00928198172096], [0.06901413385548, 0.33912151819158, 0.3581778948534, 0.18979275146763, 0.04389370163191], [0.04283259040186, 0.29042375112605, 0.22452129576341, 0.40870097784011, 0.03352138486857], [0.0774384982001, 0.67757988328377, 0.22373042145876, 0.01659686319364, 0.00465433386373], [0.16064105413528, 0.57506313381433, 0.23778027517992, 0.01747271663274, 0.00904282023773], [0.20553299162619, 0.63360598119638, 0.12475218745439, 0.02045595394742, 0.01565288577562], [0.15679926579439, 0.38950058393907, 0.2705642585538, 0.13803318466089, 0.04510270705185], [0.37650945770823, 0.53488259534781, 0.08047717135361, 0.0029453292712, 0.00518544631914], [0.42213734972938, 0.39641609167094, 0.15183639846783, 0.01403549927296, 0.01557466085888], [0.01596575181435, 0.15362813558276, 0.72168781840979, 0.10348619449655, 0.00523209969655], [0.12766074046292, 0.65364900248875, 0.19444224611845, 0.01782870050349, 0.00641931042639], [0.10465590885722, 0.66921407985815, 0.17456187450218, 0.04088384501367, 0.01068429176877], [0.12936955649432, 0.7016259211542, 0.14886806984479, 0.01457963347855, 0.00555681902814], [0.1025677870062, 0.63654743019024, 0.23761568736023, 0.01784399000099, 0.00542510544234], [0.09118806259507, 0.61155213078183, 0.21541042613474, 0.06678140176808, 0.01506797872028], [0.36804872828203, 0.47011759600089, 0.13726541746439, 0.01145022164062, 0.01311803661206], [0.17593244363649, 0.65053709776831, 0.1511899188902, 0.01569864626107, 0.00664189344394], [0.17593244363649, 0.65053709776831, 0.1511899188902, 0.01569864626107, 0.00664189344394], [0.08325853904433, 0.34826282539756, 0.26291187807677, 0.24555304826937, 0.06001370921197], [0.09217902793457, 0.58943716424386, 0.2911117582128, 0.02123923315312, 0.00603281645566], [0.10513840604545, 0.70756818419624, 0.14753251824699, 0.03164739277276, 0.00811349873855], [0.18106158811277, 0.58638336721517, 0.20498681744684, 0.01576051929955, 0.01180770792567], [0.09664256334088, 0.62808086390309, 0.21691011476417, 0.0452802371405, 0.01308622085136], [0.00738700830602, 0.02421971787219, 0.24866322151495, 0.64479117865726, 0.07493887364958], [0.09956670762405, 0.60864435681312, 0.24106246341402, 0.03900894797973, 0.01171752416909], [0.0485458772923, 0.27934321114416, 0.43338938899666, 0.19935629741345, 0.03936522515343], [0.40210536601826, 0.52037067045399, 0.05765472881137, 0.00578240779081, 0.01408682692557], [0.24887291857123, 0.52424253034379, 0.19285775951131, 0.02037860468889, 0.01364818688477], [0.17748739675029, 0.63216016155101, 0.13263219662375, 0.03412841518174, 0.02359182989321], [0.21254126356988, 0.64112742622664, 0.12707415127982, 0.01160463124039, 0.00765252768327], [0.62633490710538, 0.3231420215762, 0.04052244183124, 0.00175102790235, 0.00824960158483], [0.06436777424799, 0.49815129333781, 0.40210309950395, 0.02872975641235, 0.0066480764979], [0.11833045877226, 0.54899279144474, 0.18928231911764, 0.10647708933694, 0.03691734132841], [0.08344527402369, 0.65304170800082, 0.22575231870769, 0.03049549160966, 0.00726520765814], [0.08344527402369, 0.65304170800082, 0.22575231870769, 0.03049549160966, 0.00726520765814], [0.14456629539039, 0.62267551598046, 0.1952987376187, 0.02667996843452, 0.01077948257594], [0.02798060691965, 0.33836959937983, 0.58196799346691, 0.0464690316234, 0.00521276861022], [0.01430214451603, 0.03077685673657, 0.06736186085572, 0.68536006489201, 0.20219907299967], [0.02883587328615, 0.15569742489989, 0.41966940234316, 0.35045011741195, 0.04534718205885], [0.08017933508591, 0.62601066816284, 0.26162142510346, 0.02512418073134, 0.00706439091645], [0.05115445666574, 0.28314484261802, 0.56265624195436, 0.08473501009963, 0.01830944866225], [0.15219914019621, 0.6393707216573, 0.16826603326521, 0.02881388031766, 0.01135022456361], [0.08990443492269, 0.67991676877604, 0.19402109374148, 0.02848343040131, 0.00767427215849], [0.08532937973413, 0.6627317575634, 0.2144335262531, 0.03052981615992, 0.00697552028945], [0.08164330926283, 0.62899761673101, 0.22235286248679, 0.05500505058511, 0.01200116093426], [0.05437539748859, 0.5771447955021, 0.31242613609588, 0.04855234972499, 0.00750132118845], [0.01564718105031, 0.15185863850102, 0.72869947672792, 0.09509236952096, 0.00870233419979], [0.23640853814917, 0.67186023647132, 0.07651953330919, 0.00765164838228, 0.00756004368804], [0.13392865405187, 0.59546281235468, 0.20249989705511, 0.04835666685918, 0.01975196967917], [0.12215928232252, 0.65143470207003, 0.17686670735976, 0.03663068479875, 0.01290862344894], [0.22541659048981, 0.55859895171749, 0.14043693900066, 0.04077682575521, 0.03477069303682], [0.0715555552002, 0.51183140738663, 0.32745074916466, 0.07226849598816, 0.01689379226035], [0.29900580720958, 0.57495693922805, 0.08355566781028, 0.02473806493778, 0.01774352081431], [0.13824434123652, 0.71171770572873, 0.13536751232616, 0.01035359106467, 0.00431684964392], [0.08131264447028, 0.63726467611986, 0.26364126005934, 0.01300563802442, 0.0047757813261], [0.10643253026695, 0.670105832377, 0.1822060676041, 0.03075624099791, 0.01049932875403], [0.11415829806358, 0.69778734770021, 0.16017158334123, 0.01830481925722, 0.00957795163777], [0.0860859763107, 0.67337883177197, 0.2018734497423, 0.0308793396321, 0.00778240254293], [0.69481372973023, 0.24737402250855, 0.04678305520058, 0.00177853103195, 0.00925066152869], [0.03376951129107, 0.41567705435894, 0.51732935574193, 0.02814658859926, 0.0050774900088], [0.0616543429293, 0.43348119736642, 0.45184523813334, 0.04360609155199, 0.00941313001895], [0.1315680356367, 0.68739190172986, 0.15951711699033, 0.01646452751394, 0.00505841812917], [0.58029620470505, 0.33751868038436, 0.06355811468151, 0.00451930295025, 0.01410769727883], [0.09944106233201, 0.68251714887673, 0.167514059908, 0.03953595536276, 0.0109917735205], [0.1293212266828, 0.67981119470145, 0.14993982253549, 0.0289935649806, 0.01193419109966], [0.04981956165324, 0.3470309859222, 0.36817904858796, 0.2065629972166, 0.02840740662001], [0.41868815723224, 0.44609212984798, 0.11797154060211, 0.00724049385347, 0.0100076784642], [0.0917287098263, 0.34884350819715, 0.37097240483065, 0.14043075289819, 0.04802462424771], [0.03587256617344, 0.14292585040359, 0.26797156379718, 0.4600537732005, 0.09317624642529], [0.21568443118108, 0.50073610150223, 0.11168072314077, 0.10054818804355, 0.07135055613238], [0.19389722105977, 0.61561669658335, 0.18127117784826, 0.00547150759572, 0.0037433969129], [0.33428434001004, 0.57492103133307, 0.06839106392238, 0.00883237765152, 0.01357118708299], [0.13708156362866, 0.68864333391992, 0.13901970229724, 0.02725698665762, 0.00799841349657], [0.12036275852846, 0.65312189288779, 0.20758946288817, 0.01266184254174, 0.00626404315384], [0.11535037348084, 0.64690542766652, 0.21100437710396, 0.01838312637556, 0.00835669537312], [0.3612296968174, 0.52759503032395, 0.09257791495283, 0.00716432354043, 0.01143303436538], [0.119190635695, 0.56475438479447, 0.21865122492133, 0.0704703492803, 0.0269334053089], [0.5342357894599, 0.38300678547813, 0.0640038001451, 0.00459069320292, 0.01416293171395], [0.09564881317268, 0.65114974504148, 0.23786386895226, 0.01070542894904, 0.00463214388453], [0.15265630882815, 0.59763836092889, 0.2293792665914, 0.01338824405743, 0.00693781959413], [0.10112590413719, 0.6434319143535, 0.20597208981329, 0.03900023645002, 0.01046985524599], [0.07182645728134, 0.36180428945119, 0.36177351275255, 0.16133132615074, 0.04326441436419], [0.07975377511903, 0.6345596495808, 0.26151298149849, 0.01851518568629, 0.0056584081154], [0.11784081770689, 0.6499674467168, 0.17012086471153, 0.04687099364936, 0.01519987721543], [0.09908379853504, 0.62888175183854, 0.23321691790194, 0.02958796726218, 0.0092295644623], [0.01168905496061, 0.02097545849594, 0.09934719629814, 0.5453798165561, 0.32260847368921], [0.03821267383099, 0.30342104954606, 0.44285431860428, 0.19349712430804, 0.02201483371063], [0.013907414656, 0.02790042099776, 0.13113769568198, 0.61628365238969, 0.21077081627456], [0.04753187183518, 0.32557856097525, 0.53036039381826, 0.08174163408053, 0.01478753929078], [0.20048766308026, 0.60442852562418, 0.15126859607212, 0.02632896604185, 0.01748624918159], [0.20919551160518, 0.63730861888449, 0.13278939416256, 0.01124475172504, 0.00946172362272], [0.20919551160518, 0.63730861888449, 0.13278939416256, 0.01124475172504, 0.00946172362272], [0.07745431566444, 0.47386079962657, 0.36786009437331, 0.06205871967625, 0.01876607065943], [0.04850759485521, 0.4904900358567, 0.39976777978902, 0.05298860968212, 0.00824597981695], [0.20513019165243, 0.59978876415684, 0.17685130898954, 0.01103735463379, 0.00719238056742], [0.01607983005379, 0.14111499551635, 0.69438389190375, 0.13920202201241, 0.00921926051369], [0.07279841653869, 0.62667036084202, 0.25322932259675, 0.03876014121679, 0.00854175880574], [0.20775509830943, 0.49925412650829, 0.13050801691548, 0.08720252442856, 0.07528023383824], [0.1460673080805, 0.70482183774386, 0.10485819062454, 0.032708696992, 0.0115439665591], [0.1406863700098, 0.71493307942918, 0.12111801608095, 0.01675429030901, 0.00650824417107], [0.02916607216166, 0.32589437313039, 0.52442091290801, 0.11060826691119, 0.00991037488875], [0.06033932881919, 0.62858578011636, 0.27305794323139, 0.03278067042871, 0.00523627740435], [0.1555347818364, 0.61139392826381, 0.20621681683466, 0.01835044556699, 0.00850402749814], [0.09086750993595, 0.65472046569891, 0.21985362831019, 0.02680797470388, 0.00775042135107], [0.08752087592571, 0.59630992972192, 0.2788699217507, 0.0293188531933, 0.00798041940837], [0.08752087592571, 0.59630992972192, 0.2788699217507, 0.0293188531933, 0.00798041940837], [0.12500050392238, 0.56179046629319, 0.26749758045604, 0.03513264275076, 0.01057880657762], [0.08657916391922, 0.5203089413588, 0.3562489299337, 0.027854924473, 0.00900804031529], [0.30634868789222, 0.57349721517212, 0.08365817828925, 0.01638108026207, 0.02011483838434], [0.08123113420651, 0.69914528905117, 0.18115967986358, 0.0328786419441, 0.00558525493464], [0.11351323408744, 0.71612233730455, 0.14455657097563, 0.01915599163665, 0.00665186599573], [0.13045213396102, 0.53470545670825, 0.21276096011372, 0.087322584326, 0.034758864891], [0.30178687462493, 0.60093065832946, 0.07570537113425, 0.01435665531217, 0.00722044059918], [0.05698979850819, 0.40666076748895, 0.40188320820404, 0.11396848218685, 0.02049774361198], [0.27702696565354, 0.62169991743279, 0.08966691000883, 0.00470161622314, 0.0069045906817], [0.0492317414849, 0.46530093562764, 0.36250793934602, 0.10890801130602, 0.01405137223543], [0.18120782658719, 0.66689190446811, 0.12101166952925, 0.02009178377096, 0.01079681564449], [0.14473342810673, 0.56414003976824, 0.24277300352761, 0.03802408377986, 0.01032944481757], [0.23998790831871, 0.61325682751458, 0.12205982350704, 0.01483752865465, 0.00985791200502], [0.361767266934, 0.51505903612837, 0.10186275627842, 0.00737574002763, 0.01393520063158], [0.24566898763837, 0.58959616272621, 0.11891823282486, 0.02303920045375, 0.02277741635682], [0.07907869662378, 0.50467282924672, 0.32594540817534, 0.06999350999922, 0.02030955595494], [0.41732309178318, 0.48026529056428, 0.07335496248462, 0.00837500789733, 0.0206816472706], [0.41732309178318, 0.48026529056428, 0.07335496248462, 0.00837500789733, 0.0206816472706], [0.08987226534022, 0.5763310959798, 0.28118567292509, 0.04109661742793, 0.01151434832697], [0.48554267654711, 0.44938909739734, 0.04893898167321, 0.00421819324712, 0.01191105113523], [0.14936799386598, 0.65502635964531, 0.18001791825923, 0.01016968098569, 0.00541804724379], [0.19248597484323, 0.62872547300257, 0.15655527050505, 0.01462607312944, 0.00760720851971], [0.32716632253977, 0.46792561873608, 0.1782140895321, 0.01426127835669, 0.01243269083536], [0.27468135001818, 0.6698601882339, 0.04816792533752, 0.00348940642984, 0.00380112998055], [0.73195410198442, 0.232819053741, 0.02852309905617, 0.00085707813209, 0.00584666708633], [0.12246707459399, 0.70931131753128, 0.14977881376041, 0.01339598701141, 0.00504680710291], [0.08207915245403, 0.52924748519252, 0.33299301214627, 0.04251612409416, 0.01316422611302], [0.10955190225228, 0.62342047643249, 0.21647164967844, 0.0368184855295, 0.01373748610729], [0.09428885464577, 0.34172069967433, 0.24632465222549, 0.23427320297402, 0.08339259048039], [0.09649463707962, 0.51636310357836, 0.30438107505199, 0.06239763341864, 0.0203635508714], [0.3453513614503, 0.54430330443537, 0.05322269591873, 0.01926640525182, 0.03785623294378], [0.17930291666094, 0.60007773820476, 0.19463454155416, 0.01761219930443, 0.00837260427571], [0.63277610010901, 0.31073149230281, 0.04652479422679, 0.0022367946362, 0.00773081872519], [0.13025395603473, 0.52861563627482, 0.19051078142128, 0.10630935333078, 0.04431027293839], [0.08890334824495, 0.54794561154925, 0.3379599823719, 0.02060982371249, 0.00458123412141], [0.06504222876332, 0.45799800901609, 0.39512726354962, 0.06738292333977, 0.0144495753312], [0.11531353506412, 0.69285325655742, 0.16266903330361, 0.02030734391833, 0.00885683115653], [0.14327299288588, 0.59183607489758, 0.17197744478644, 0.06477601027299, 0.0281374771571], [0.13276368074004, 0.62243428199629, 0.22339739958286, 0.01513420759838, 0.00627043008244], [0.11791648729558, 0.64973581170257, 0.21161891188193, 0.01407676619342, 0.0066520229265], [0.05216273127386, 0.48031496971858, 0.41200189997525, 0.04745401143326, 0.00806638759905], [0.31952252152815, 0.54083169000654, 0.0793382566029, 0.02291845636415, 0.03738907549827], [0.21931509707613, 0.61894469653241, 0.14439240541941, 0.00999805592372, 0.00734974504832], [0.16774002517199, 0.43156547275386, 0.37202703782438, 0.01925583155105, 0.00941163269871], [0.09941072482841, 0.62063421304115, 0.22596710447882, 0.03974654205627, 0.01424141559536], [0.37098247250436, 0.56205602459726, 0.054877259225, 0.00563716130603, 0.00644708236735], [0.02793746731722, 0.15159133129112, 0.41784238360617, 0.3592862570101, 0.04334256077539], [0.30416381913516, 0.53551846830422, 0.13957811390723, 0.01201964230386, 0.00871995634953], [0.30416381913516, 0.53551846830422, 0.13957811390723, 0.01201964230386, 0.00871995634953], [0.14445574575706, 0.6747161443705, 0.15215641425256, 0.01814904107082, 0.01052265454907], [0.05847149739613, 0.41999619411343, 0.26213910163752, 0.23158369342306, 0.02780951342986], [0.12892408934137, 0.54162843998909, 0.19298451786372, 0.09960779137211, 0.03685516143371], [0.45814032827392, 0.41142820726407, 0.11468696167683, 0.00565536662944, 0.01008913615575], [0.02336000350546, 0.03566625751469, 0.07377659129882, 0.54601249806082, 0.32118464962021], [0.02336000350546, 0.03566625751469, 0.07377659129882, 0.54601249806082, 0.32118464962021], [0.05414663414366, 0.27625537320151, 0.36353117364599, 0.25548094857005, 0.05058587043879], [0.07597079435043, 0.38500292460219, 0.2282915903641, 0.26025588047959, 0.05047881020369], [0.07950547630527, 0.47782293458809, 0.37417361160775, 0.05589884971528, 0.01259912778361], [0.19247802629951, 0.54231986703364, 0.23723926297243, 0.01931421404659, 0.00864862964783], [0.09031476973596, 0.491044979627, 0.33109475827972, 0.06610774033339, 0.02143775202393], [0.10258667675551, 0.63029967987287, 0.22324648163289, 0.03708991699686, 0.00677724474188], [0.01572693418325, 0.15637744096701, 0.57457696235918, 0.23976364511313, 0.01355501737743], [0.21370831297799, 0.58670336473286, 0.16596996670082, 0.02273691698964, 0.0108814385987], [0.24916082244326, 0.6440010238423, 0.08448072199575, 0.01205343001301, 0.01030400170566], [0.15064652822693, 0.64125408108368, 0.18581224720562, 0.01622696540148, 0.00606017808228], [0.09280459117273, 0.62449805579929, 0.22846195303862, 0.04311290813451, 0.01112249185485], [0.07155379210823, 0.24005639579075, 0.2073494427102, 0.36268287111847, 0.11835749827236], [0.24609595990173, 0.60594566772338, 0.13134581721922, 0.00954434370279, 0.00706821145288], [0.07693398702917, 0.25528266344535, 0.21074434294912, 0.36494634428623, 0.09209266229013], [0.05367390189415, 0.48441849594679, 0.40804695255411, 0.04583636956172, 0.00802428004323], [0.03388890179405, 0.35056954380683, 0.42600294047722, 0.17595965650544, 0.01357895741646], [0.10448694900412, 0.55849500545814, 0.27484578023558, 0.04931954689255, 0.01285271840962], [0.01629593543817, 0.04543945232677, 0.11470349120218, 0.66990157005019, 0.15365955098268], [0.01629593543817, 0.04543945232677, 0.11470349120218, 0.66990157005019, 0.15365955098268], [0.12063117942814, 0.60469014141649, 0.24448111018651, 0.02166737975212, 0.00853018921675], [0.12063117942814, 0.60469014141649, 0.24448111018651, 0.02166737975212, 0.00853018921675], [0.06944288450755, 0.48222770944118, 0.35419044187559, 0.07962476456129, 0.01451419961439], [0.0565224857658, 0.4921032244735, 0.35790713365841, 0.07958505564396, 0.01388210045833], [0.04394006119285, 0.45230291432164, 0.45442119519023, 0.04280228636441, 0.00653354293086], [0.20107836112484, 0.57774181871914, 0.18988787003432, 0.02103250397394, 0.01025944614776], [0.07912951002152, 0.41333458646778, 0.36946492132746, 0.10695145838809, 0.03111952379515], [0.11564430128248, 0.7565958298094, 0.10822940770145, 0.01555224645348, 0.00397821475319], [0.00729770152928, 0.01660446693421, 0.07842047523463, 0.69695417486712, 0.20072318143476], [0.13854752742617, 0.61953807842571, 0.15874143787789, 0.05691574928385, 0.02625720698638], [0.42550202749638, 0.39375381697847, 0.15615009571371, 0.01097047386753, 0.01362358594391], [0.12725096562276, 0.66446311123674, 0.15492173773863, 0.0403300927881, 0.01303409261378], [0.0808829183685, 0.72540837236883, 0.17207390777361, 0.01780774195596, 0.0038270595331], [0.12991807075372, 0.59500156890485, 0.25916086040015, 0.01087817474653, 0.00504132519477], [0.16115966651009, 0.65011082769533