{"Moscow": [[0.18804002463681, 0.58526168270853, 0.19749119732783, 0.0179350543823, 0.01127204094454], [0.2414538935646, 0.675265461897, 0.07384242295189, 0.0041903546511, 0.0052478669354], [0.07832259826292, 0.50653724777312, 0.38898118871112, 0.02186945524638, 0.00428951000646], [0.28449873573033, 0.4660858644225, 0.18707758182512, 0.04068759857995, 0.0216502194421], [0.76036422125894, 0.19901274985461, 0.03222900857807, 0.00105671863314, 0.00733730167525], [0.76036422125894, 0.19901274985461, 0.03222900857807, 0.00105671863314, 0.00733730167525], [0.35177041556257, 0.55576274375128, 0.0821999089316, 0.00458753896851, 0.00567939278605], [0.12554549076875, 0.74519145520918, 0.11948878765398, 0.00721592845654, 0.00255833791155], [0.25728185626907, 0.55922179780905, 0.1359179287175, 0.02485198519291, 0.02272643201147], [0.2046535858885, 0.65062354427241, 0.11849306191742, 0.01384118765359, 0.01238862026808], [0.31428478650435, 0.53107152542701, 0.11679460697737, 0.01580014176908, 0.02204893932219], [0.07959253835103, 0.6615487363211, 0.20702697138381, 0.04338371375559, 0.00844804018848], [0.57898231541682, 0.25483139432154, 0.13847747007055, 0.00939049472691, 0.01831832546418], [0.20394999686848, 0.67234747403339, 0.10379771780021, 0.0129455292601, 0.00695928203782], [0.28267927148335, 0.62157590077665, 0.08001385720969, 0.00940737138037, 0.00632359914994], [0.23653080324234, 0.51824796086942, 0.21800103974649, 0.01644483492484, 0.0107753612169], [0.21989824451439, 0.64750948077852, 0.10489111850968, 0.0190883867671, 0.00861276943031], [0.21989824451439, 0.64750948077852, 0.10489111850968, 0.0190883867671, 0.00861276943031], [0.21989824451439, 0.64750948077852, 0.10489111850968, 0.0190883867671, 0.00861276943031], [0.08053021141121, 0.58241146796737, 0.2621910980104, 0.06118503807576, 0.01368218453526], [0.13616899987744, 0.6828614639482, 0.15878022403069, 0.01610761362775, 0.00608169851593], [0.27562908718611, 0.59417992303042, 0.10573501970021, 0.0111165137209, 0.01333945636235], [0.18327402028373, 0.68772109433123, 0.1128336014247, 0.01078155728914, 0.0053897266712], [0.14860305297746, 0.66331515602884, 0.16716929483472, 0.01274745270086, 0.00816504345812], [0.18274907716907, 0.64685721764622, 0.11794851856227, 0.03686678165589, 0.01557840496654], [0.11081082110067, 0.51421028020272, 0.25152120590792, 0.08964611023604, 0.03381158255265], [0.15043856250175, 0.66537780572568, 0.15558514584458, 0.01795313132362, 0.01064535460437], [0.14212100591873, 0.48852237682833, 0.17976283568992, 0.12705759163175, 0.06253618993126], [0.17972318283171, 0.63100945934936, 0.1458676897665, 0.02627138209536, 0.01712828595707], [0.201411592171, 0.65005257040169, 0.11619252718253, 0.01789727040375, 0.01444603984102], [0.07812576910467, 0.35687447242432, 0.31793849145055, 0.19536654772565, 0.0516947192948], [0.18923937294484, 0.7064605391156, 0.07563966907686, 0.01809329536943, 0.01056712349327], [0.07628644038772, 0.26508197228889, 0.19943545559755, 0.3388075668076, 0.12038856491824], [0.21860924014092, 0.64629187856748, 0.1106121424014, 0.01654126884213, 0.00794547004807], [0.09999758034736, 0.69815497720549, 0.15936320027817, 0.03307240216409, 0.00941184000488], [0.07181461555064, 0.64668092870707, 0.24998837681863, 0.02554615056206, 0.0059699283616], [0.17833664237171, 0.63203612237296, 0.17469480768472, 0.00921689613472, 0.00571553143589], [0.12905245572354, 0.64738714225253, 0.19875717050082, 0.01695591329416, 0.00784731822896], [0.22748425328527, 0.63723693884323, 0.11110463585791, 0.01215478236923, 0.01201938964436], [0.09176047585719, 0.73755264608958, 0.15147841192614, 0.01523089559737, 0.00397757052971], [0.24088115544826, 0.58035261170298, 0.15170353942454, 0.01642196374199, 0.01064072968223], [0.16481038364789, 0.66020375749215, 0.15281328516098, 0.01522243240508, 0.00695014129389], [0.259183621728, 0.5897235948875, 0.1373848686763, 0.00700420774074, 0.00670370696747], [0.06978831666129, 0.58979699321594, 0.3245405883933, 0.013159505258, 0.00271459647146], [0.20250513580082, 0.49939775170778, 0.28286931239192, 0.00971033142177, 0.00551746867771], [0.17023007290484, 0.61971431991855, 0.18739224651601, 0.01539384053359, 0.00726952012701], [0.17422038317831, 0.59853177277607, 0.145870586436, 0.05168438033296, 0.02969287727667], [0.20918919598106, 0.62720943028106, 0.15251009386948, 0.00741886731215, 0.00367241255626], [0.15557307645522, 0.62746147980054, 0.1923812346964, 0.01698298798563, 0.0076012210622], [0.14531067934496, 0.63741851321744, 0.19237222206095, 0.01635067225635, 0.00854791312029], [0.15712881126629, 0.62299397015479, 0.18208386934166, 0.02501160322111, 0.01278174601615], [0.04979012852463, 0.36989018647737, 0.46538060503773, 0.10194403512376, 0.01299504483651], [0.32306762565597, 0.58741920007433, 0.07774863485868, 0.00434681551619, 0.00741772389484], [0.76440561695739, 0.18339413077698, 0.04252087266381, 0.00134432471235, 0.00833505488946], [0.76440561695739, 0.18339413077698, 0.04252087266381, 0.00134432471235, 0.00833505488946], [0.1560521520972, 0.64952645561139, 0.15937264588289, 0.02240622793097, 0.01264251847756], [0.74516390269531, 0.18015038379197, 0.06232758003251, 0.00216243435051, 0.01019569912971], [0.05703240189156, 0.37719348701909, 0.31671761063197, 0.21940122419169, 0.0296552762657], [0.0714473530928, 0.38811329262549, 0.30627105638957, 0.19471028461251, 0.03945801327963], [0.58925492098815, 0.3317746426766, 0.06667423591791, 0.00286710573714, 0.0094290946802], [0.24239996227786, 0.56224877706673, 0.17664874622693, 0.01007852191845, 0.00862399251004], [0.1101514336036, 0.47674897001721, 0.26602802133138, 0.10758391989274, 0.03948765515506], [0.05771304031598, 0.62254377665662, 0.29615985632403, 0.01931849271709, 0.00426483398628], [0.14153240184, 0.66040747102305, 0.15690310807128, 0.02916390077034, 0.01199311829534], [0.13096413684083, 0.61085784443768, 0.21782267644489, 0.02797295903883, 0.01238238323776], [0.22775998883131, 0.37499083400996, 0.16420681805563, 0.13063994871516, 0.10240241038794], [0.08379440869122, 0.66544669072131, 0.21722311687725, 0.02822640437346, 0.00530937933676], [0.24531949931138, 0.56571697941373, 0.1691447612541, 0.01017063396579, 0.00964812605501], [0.06342105694364, 0.24684936035075, 0.21369643554698, 0.38079829500879, 0.09523485214984], [0.11208209434963, 0.57190382701727, 0.26050319749972, 0.0397331593816, 0.01577772175178], [0.27973355271481, 0.60646974851841, 0.10263208676378, 0.00561696799314, 0.00554764400986], [0.10162291771745, 0.59050835439598, 0.27014167215296, 0.02953356898793, 0.00819348674568], [0.20435210722527, 0.47796725947708, 0.11060205036227, 0.13011326340546, 0.07696531952992], [0.43259422125179, 0.42979631713291, 0.10934546068143, 0.00927275631181, 0.01899124462206], [0.14092050922282, 0.66062742014202, 0.17552292590678, 0.01601656990893, 0.00691257481944], [0.22436081077582, 0.52529516649906, 0.19554073050521, 0.03477258285463, 0.02003070936528], [0.09211245104833, 0.30876958307246, 0.54111761988607, 0.04421689560945, 0.01378345038368], [0.09797367231705, 0.55950655622497, 0.32525518079038, 0.01229140146125, 0.00497318920635], [0.65738170943816, 0.20450841772313, 0.11662540318709, 0.00765764716811, 0.01382682248351], [0.10177538365274, 0.62990623726146, 0.22955847213461, 0.02997376473174, 0.00878614221945], [0.20077817879791, 0.59891706764678, 0.16928539116876, 0.02057838846646, 0.01044097392008], [0.07760727434967, 0.4165897027632, 0.46504441125367, 0.03316067743547, 0.007597934198], [0.33330501833222, 0.55091414687768, 0.10061284318167, 0.0077208094559, 0.00744718215253], [0.13589650770767, 0.68069634743152, 0.16986397904784, 0.00850752948316, 0.00503563632981], [0.2214568735477, 0.57637204961299, 0.17456227081055, 0.01595075666716, 0.01165804936159]], "Ho": [[0.10446670327793, 0.6072605099035, 0.23495127152908, 0.04088569738554, 0.01243581790395], [0.10475698592394, 0.6121373075323, 0.26105847695132, 0.01609763379441, 0.00594959579803], [0.16753743085589, 0.5954663172724, 0.20891292646313, 0.01813508599186, 0.00994823941672], [0.47792381792689, 0.46911349162922, 0.02932620444712, 0.00559991888386, 0.01803656711291], [0.075732146454, 0.51791308128893, 0.25170510341783, 0.13338839182165, 0.0212612770176], [0.13310680491638, 0.72203183685106, 0.12328644983882, 0.01488573097014, 0.0066891774236], [0.41272252985515, 0.41890546064656, 0.14698320652197, 0.0089549504681, 0.01243385250822], [0.10958943656438, 0.66823054580464, 0.17937375216815, 0.03180690681427, 0.01099935864856], [0.15078140389811, 0.68458972909758, 0.13804867546436, 0.01776639180156, 0.0088137997384], [0.55613775495137, 0.24066393404963, 0.18855275340894, 0.00557883996177, 0.00906671762829], [0.28244193600754, 0.57336406106131, 0.09648387683244, 0.02198889004309, 0.02572123605562], [0.10618631772144, 0.60222973009183, 0.26911576102573, 0.01681546322893, 0.00565272793207], [0.23558806276074, 0.62467541518022, 0.10775346815622, 0.02076434572566, 0.01121870817717], [0.45504773744537, 0.51310056368956, 0.02490577412246, 0.00221249883586, 0.00473342590676], [0.10539610844247, 0.36071399021963, 0.21028432343535, 0.24377905262476, 0.07982652527778], [0.33447982669873, 0.551782153244, 0.09975144340355, 0.00619213088553, 0.00779444576819], [0.21611795277843, 0.67126314993496, 0.09240002139683, 0.01087964098124, 0.00933923490853], [0.10257947350847, 0.68035227393592, 0.19284408750408, 0.0194221287378, 0.00480203631373], [0.37310716213788, 0.51889063190153, 0.0944080959642, 0.00537761810784, 0.00821649188856], [0.18655629158437, 0.64188672420967, 0.14500176850366, 0.01682035794899, 0.00973485775331], [0.19401298740113, 0.6473412190326, 0.14032045427019, 0.01107845728638, 0.00724688200971], [0.13332842190684, 0.51215312977124, 0.24847783139869, 0.07549700287113, 0.03054361405211], [0.06794279977957, 0.61414491287109, 0.27358303169939, 0.03719538660055, 0.0071338690494], [0.15742388648522, 0.66666179832593, 0.14985307877821, 0.01954774447648, 0.00651349193415], [0.17948791329502, 0.75033315040695, 0.0658588564519, 0.00245293167667, 0.00186714816946], [0.02643455781708, 0.28458231299308, 0.66072494349989, 0.02402042943054, 0.00423775625942], [0.08777884090284, 0.31161106581455, 0.23483790401618, 0.27230858915535, 0.09346360011107]], "Colombia": [[0.12497779692061, 0.44827308864445, 0.24903085070622, 0.12586965229274, 0.05184861143598], [0.12497779692061, 0.44827308864445, 0.24903085070622, 0.12586965229274, 0.05184861143598], [0.12497779692061, 0.44827308864445, 0.24903085070622, 0.12586965229274, 0.05184861143598], [0.12548834715728, 0.64628844470419, 0.213774297097, 0.00964172446999, 0.00480718657153], [0.02990478843052, 0.17602774460487, 0.48931053053906, 0.26381324574416, 0.04094369068139], [0.04003692726073, 0.16561347996188, 0.24782137049534, 0.43683056801948, 0.10969765426256], [0.01192137851148, 0.02098681253236, 0.03171801193502, 0.62490136717431, 0.31047242984684], [0.14827797190768, 0.55662961066371, 0.2632380505227, 0.02471379883381, 0.0071405680721], [0.01033364900883, 0.01938776827937, 0.03332080431499, 0.66262794100321, 0.2743298373936], [0.04102559690917, 0.2465292928676, 0.47896107970388, 0.19671791256638, 0.03676611795297], [0.10833918039457, 0.70232239588366, 0.17514340641028, 0.01005063413009, 0.0041443831814], [0.03048673313238, 0.07681899749853, 0.12138110821258, 0.55847896991863, 0.21283419123787], [0.27732932683538, 0.53611632411304, 0.16687642235759, 0.01224899412275, 0.00742893257124], [0.27732932683538, 0.53611632411304, 0.16687642235759, 0.01224899412275, 0.00742893257124]], "Lebanon": [[0.13503226516951, 0.48610158063305, 0.21190800026204, 0.11519692549276, 0.05176122844264], [0.03056432281202, 0.08276616658229, 0.14433784317285, 0.55959213570261, 0.18273953173023], [0.27677457464454, 0.55167972724286, 0.16311479600617, 0.00452410597226, 0.00390679613417], [0.05622788241202, 0.31725290323116, 0.38685190063579, 0.19609092947379, 0.04357638424724], [0.02343314214987, 0.10197767769999, 0.21564479825588, 0.57082852244678, 0.08811585944747], [0.11916038943855, 0.67281686271187, 0.18384307780351, 0.01759067595895, 0.00658899408712], [0.19161778743021, 0.62403081357058, 0.14423653720929, 0.02792674631659, 0.01218811547333], [0.03625671706325, 0.1016380622734, 0.17976423086421, 0.4612625842295, 0.22107840556964], [0.40998515915422, 0.49768928462142, 0.07916080209853, 0.00382706931815, 0.00933768480768]], "Donald": [[0.08680494990985, 0.47955086337922, 0.24953275707892, 0.1460810093274, 0.03803042030461], [0.11042893998798, 0.51060870008844, 0.24389449933479, 0.10287244942413, 0.03219541116467], [0.0874747270624, 0.53222111483353, 0.26699989288216, 0.09206052171044, 0.02124374351147], [0.00603616726993, 0.09646130690758, 0.87453204291049, 0.02110721845671, 0.00186326445528], [0.00014490889075, 0.00228687630392, 0.9948251972716, 0.00263331397228, 0.00010970356145], [0.0222903415496, 0.08737447459974, 0.26190447606651, 0.54654854679439, 0.08188216098976], [0.07679823182969, 0.71278751409025, 0.19127221086789, 0.01546778518781, 0.00367425802436], [0.17337843678402, 0.58349216126274, 0.1490799817063, 0.05719003165935, 0.03685938858759], [0.09903107956759, 0.69405191939992, 0.15878192796091, 0.03909484224674, 0.00904023082484], [0.3161558287718, 0.54114087799881, 0.12506038520708, 0.00822668727858, 0.00941622074373], [0.1101468173797, 0.60390170582986, 0.23933565638126, 0.03341385598645, 0.01320196442273], [0.40814750529612, 0.45854372010775, 0.11435446354158, 0.00876231511105, 0.0101919959435], [0.32918998750347, 0.53577255140507, 0.11061482528288, 0.01099951025104, 0.01342312555754], [0.17239330414656, 0.70912193042763, 0.09742474693831, 0.01364529660587, 0.00741472188163], [0.03776902258716, 0.29456653181219, 0.56220802733498, 0.09216770099816, 0.01328871726751], [0.09481177508248, 0.69651785008616, 0.1657745640027, 0.03357940834659, 0.00931640248207], [0.14204476780921, 0.65357305634723, 0.18381834838172, 0.01449868590686, 0.00606514155499]], "Stalin": [[0.02472414344658, 0.12515838123132, 0.22972973150373, 0.53723082529933, 0.08315691851904], [0.71738064409352, 0.25238631850395, 0.02506813964372, 0.00071868403746, 0.00444621372135], [0.24342179833026, 0.54929557864531, 0.16762820130218, 0.02291384102612, 0.01674058069614], [0.24342179833026, 0.54929557864531, 0.16762820130218, 0.02291384102612, 0.01674058069614], [0.05527754212093, 0.1904569156682, 0.12797624292699, 0.51584013754164, 0.11044916174225], [0.42328053229554, 0.4802907023854, 0.08482138535834, 0.00359442362987, 0.00801295633084], [0.1881651117325, 0.6382958162262, 0.1321670358566, 0.02354791865215, 0.01782411753254], [0.13611060738247, 0.65829657422714, 0.193348448329, 0.00749078398269, 0.0047535860787], [0.07567190625317, 0.47901179916407, 0.41761336130953, 0.02117729967365, 0.00652563359958], [0.19937816857127, 0.63900735055347, 0.12717160413339, 0.01970527268881, 0.01473760405306], [0.18446531313838, 0.60449536546043, 0.17648823764501, 0.02095837245418, 0.013592711302], [0.1353702840533, 0.72174367001681, 0.10987752742423, 0.02390043577361, 0.00910808273205], [0.09231317391023, 0.58631533018971, 0.28947442742198, 0.02448572577079, 0.0074113427073], [0.19481426784332, 0.63985005931218, 0.13171439062374, 0.01934302824999, 0.01427825397077], [0.04537708133018, 0.19534850347112, 0.30986755215827, 0.36786203461131, 0.08154482842912], [0.7292325190707, 0.21681944118338, 0.04411403392089, 0.0014468580517, 0.00838714777333], [0.23876987840601, 0.56641847663619, 0.14905468610662, 0.0263616530475, 0.01939530580367], [0.12554549076875, 0.74519145520918, 0.11948878765398, 0.00721592845654, 0.00255833791155], [0.14960679267857, 0.60042462734224, 0.20733605458687, 0.02816091282177, 0.01447161257055], [0.17902132684127, 0.62629545404835, 0.16861331880741, 0.01737165428453, 0.00869824601843], [0.38705410423792, 0.49625292834225, 0.08776512108971, 0.01065758244199, 0.01827026388813], [0.13533891651609, 0.53636827173701, 0.26532797378294, 0.04427299554505, 0.01869184241891], [0.13554936259145, 0.66779711427421, 0.18662773312012, 0.00679674104681, 0.0032290489674], [0.22133718144637, 0.60804373936647, 0.14692631958423, 0.01272811556698, 0.01096464403594], [0.38786147700922, 0.48220910658796, 0.11562711932971, 0.00571510500439, 0.00858719206872], [0.14162759249661, 0.61798100970107, 0.21136622802888, 0.01982789450268, 0.00919727527075], [0.14854432396243, 0.58102022608081, 0.16753384040847, 0.06881257074444, 0.03408903880385], [0.08384074845656, 0.58955666332083, 0.2480084389493, 0.06120807081478, 0.01738607845853], [0.22329819953274, 0.61944365494985, 0.14043379918744, 0.01046006634428, 0.00636427998569], [0.52265628083695, 0.36357245687654, 0.09773179709334, 0.00507184524615, 0.01096761994701], [0.2213536233719, 0.6050548196778, 0.1437052937565, 0.01878928951046, 0.01109697368334], [0.10038126137593, 0.72470536923349, 0.14603923679055, 0.02294563244274, 0.00592850015729], [0.11604437856278, 0.48472247388892, 0.3067266582129, 0.06696163155036, 0.02554485778504], [0.10914660829536, 0.32726341092708, 0.51139929469799, 0.0395549492313, 0.01263573684827], [0.05771304031598, 0.62254377665662, 0.29615985632403, 0.01931849271709, 0.00426483398628], [0.21507864137514, 0.45356469792955, 0.11794549465339, 0.12937560644483, 0.08403555959709], [0.21507864137514, 0.45356469792955, 0.11794549465339, 0.12937560644483, 0.08403555959709], [0.21507864137514, 0.45356469792955, 0.11794549465339, 0.12937560644483, 0.08403555959709], [0.18431429290562, 0.61307295005591, 0.17497970735021, 0.01801866007381, 0.00961438961445], [0.14153240184, 0.66040747102305, 0.15690310807128, 0.02916390077034, 0.01199311829534], [0.24149224897476, 0.61314616218106, 0.12900196067242, 0.00886444197869, 0.00749518619306], [0.17187896498995, 0.62570915436063, 0.19089407938215, 0.00741329232733, 0.00410450893993], [0.12311605680974, 0.65394500802481, 0.18977586914832, 0.02331661306696, 0.00984645295016], [0.11515414168533, 0.51408377833308, 0.25166975475484, 0.08716235699972, 0.03192996822704], [0.08782318011698, 0.59293239551322, 0.24971880675362, 0.05500805079502, 0.01451756682116], [0.11973102990461, 0.49609963738969, 0.24493493828162, 0.09992969971145, 0.03930469471262], [0.1374105502351, 0.64921900584286, 0.17508494941149, 0.02489288762422, 0.01339260688633], [0.23157083461182, 0.54657336204541, 0.20129821678208, 0.01107574858636, 0.00948183797433], [0.23844190897487, 0.61794192611601, 0.12997889029635, 0.00728756714053, 0.00634970747224], [0.28159535423986, 0.55562218432983, 0.14386776649945, 0.01235500709632, 0.00655968783454], [0.50681096966703, 0.38349938260167, 0.09680233299094, 0.0044972488751, 0.00839006586526], [0.50681096966703, 0.38349938260167, 0.09680233299094, 0.0044972488751, 0.00839006586526], [0.0984126947895, 0.59586617017372, 0.2345209137751, 0.05406835066325, 0.01713187059843], [0.28861242035514, 0.57214605401163, 0.1298400883366, 0.00444235962073, 0.00495907767589], [0.17703078442008, 0.64824592900008, 0.15863797081267, 0.01008740819345, 0.00599790757372], [0.06226404103736, 0.45433359001071, 0.40683061848545, 0.0604910197707, 0.01608073069578], [0.09075291036549, 0.53559515828343, 0.30425077014819, 0.05130957277531, 0.01809158842757], [0.45249707133919, 0.47020613557959, 0.06352109100281, 0.00383179696527, 0.00994390511315], [0.14476850532712, 0.55794516500293, 0.2475817921858, 0.03359122457752, 0.01611331290663], [0.17854900593519, 0.65280060364313, 0.13830160155065, 0.02291125655787, 0.00743753231317], [0.14094478944727, 0.65468060008088, 0.17797827940693, 0.01949241673356, 0.00690391433137], [0.14094478944727, 0.65468060008088, 0.17797827940693, 0.01949241673356, 0.00690391433137], [0.09846047178761, 0.40406027907628, 0.26382244954414, 0.17470876937304, 0.05894803021893], [0.14250445588257, 0.71846421225222, 0.11596213318269, 0.01525301374024, 0.00781618494227], [0.17321665422641, 0.68648019504179, 0.11681309643247, 0.01840858878235, 0.00508146551697], [0.17321665422641, 0.68648019504179, 0.11681309643247, 0.01840858878235, 0.00508146551697], [0.20829832155161, 0.5540012099744, 0.21809376601954, 0.01281197904101, 0.00679472341344], [0.1678258345551, 0.60171961576425, 0.18059969652457, 0.03307440165952, 0.01678045149657], [0.08379440869122, 0.66544669072131, 0.21722311687725, 0.02822640437346, 0.00530937933676], [0.07909497954722, 0.48922518849603, 0.38964728129018, 0.0373722095209, 0.00466034114567], [0.07753557363792, 0.30393027265903, 0.54228052186503, 0.06000150949701, 0.01625212234102], [0.61510509059881, 0.32364473333957, 0.05169529880804, 0.00200603968929, 0.00754883756428], [0.15742626197652, 0.64919902110885, 0.17708009634229, 0.00943030005347, 0.00686432051887], [0.07760727434967, 0.4165897027632, 0.46504441125367, 0.03316067743547, 0.007597934198], [0.05400806548411, 0.37050927952367, 0.45753502481797, 0.09701994432896, 0.02092768584529], [0.11962552753215, 0.60632815624575, 0.2434970484081, 0.02276906411637, 0.00778020369762], [0.33330501833222, 0.55091414687768, 0.10061284318167, 0.0077208094559, 0.00744718215253], [0.17116571257967, 0.56579878997343, 0.21616857547448, 0.03037220753317, 0.01649471443924], [0.17116571257967, 0.56579878997343, 0.21616857547448, 0.03037220753317, 0.01649471443924], [0.21500490674773, 0.5324314370654, 0.19383081988388, 0.03800006259111, 0.02073277371188], [0.34891195251615, 0.59062902162185, 0.0525677689853, 0.0026519089058, 0.0052393479709], [0.06111522459375, 0.53843860152329, 0.28559136003527, 0.09922939558551, 0.01562541826219], [0.14022525293631, 0.64390727393983, 0.19214321753477, 0.01611257659065, 0.00761167899844], [0.33081699894233, 0.49947576269408, 0.14113197412135, 0.01514216349414, 0.0134331007481], [0.11797252195681, 0.71488670761873, 0.1400565204745, 0.02088354250316, 0.0062007074468], [0.13589650770767, 0.68069634743152, 0.16986397904784, 0.00850752948316, 0.00503563632981], [0.13589650770767, 0.68069634743152, 0.16986397904784, 0.00850752948316, 0.00503563632981], [0.2674457939857, 0.55344115907683, 0.13825859541628, 0.02537610330644, 0.01547834821475], [0.11414516747468, 0.54114500406948, 0.29480721635697, 0.03589375029702, 0.01400886180185], [0.1155643722201, 0.65762254169457, 0.20145219128875, 0.01887896326609, 0.00648193153049], [0.0830761439735, 0.50627912601834, 0.32183037998122, 0.06886973788941, 0.01994461213753], [0.21820821510105, 0.59735501700974, 0.1710330618998, 0.00651592644211, 0.00688777954731], [0.72217385842981, 0.23546970113701, 0.03326670642057, 0.00122491733052, 0.00786481668209], [0.1003593656076, 0.32682660239905, 0.13398305204987, 0.3045965827702, 0.13423439717328], [0.12427002043769, 0.64197296732087, 0.15249065275817, 0.06304562600563, 0.01822073347764], [0.12842455074009, 0.66020238465048, 0.17053208226727, 0.03083658651835, 0.0100043958238], [0.30164721658954, 0.53348153519558, 0.12841088932708, 0.01836089553014, 0.01809946335766]], "Clinton": [[0.11649951518403, 0.57758931585908, 0.25693409508987, 0.03465283406312, 0.01432423980389], [0.5032460037629, 0.36979810663216, 0.09339095130218, 0.01609356718627, 0.01747137111649], [0.14577271909381, 0.64431737934325, 0.17881953025483, 0.0216814059592, 0.00940896534892], [0.11866424930861, 0.5496368834147, 0.27135866727377, 0.04276461993907, 0.01757558006384], [0.081552565632, 0.44843805280994, 0.32760590112374, 0.11195260742834, 0.03045087300599], [0.10858933496225, 0.69423015450681, 0.17272782275173, 0.01864899203436, 0.00580369574484], [0.37424327224959, 0.45632751641797, 0.12556987378465, 0.02164230371383, 0.02221703383395], [0.09465613600072, 0.63645732528, 0.21845849501334, 0.04056022155515, 0.00986782215079], [0.13355943396403, 0.52252253555344, 0.20572956035647, 0.09987129172315, 0.03831717840291], [0.08894832171225, 0.76697883706881, 0.12462856524485, 0.0160069867951, 0.00343728917898], [0.14658175676279, 0.65253465025436, 0.15998011804157, 0.02848060375023, 0.01242287119105], [0.04679538803297, 0.15711256326091, 0.24061919723938, 0.43041982938572, 0.12505302208102], [0.37184460215068, 0.49279605632497, 0.11616215036119, 0.00751770820364, 0.01167948295952], [0.37184460215068, 0.49279605632497, 0.11616215036119, 0.00751770820364, 0.01167948295952], [0.46848651425715, 0.4645242944591, 0.05680721792927, 0.00268369944024, 0.00749827391424], [0.35177391139748, 0.51321381057057, 0.12040491893763, 0.00656006276801, 0.00804729632632], [0.0973587330784, 0.25715441453916, 0.17942152021464, 0.32249127635185, 0.14357405581596], [0.1493345524872, 0.64874478142001, 0.17273002276788, 0.0216793479343, 0.0075112953906], [0.25464054473201, 0.56315870886424, 0.15544558369542, 0.01495259161912, 0.01180257108921], [0.26000014695577, 0.64148184099241, 0.0689732679049, 0.01506941872181, 0.01447532542511], [0.10492778182742, 0.58164576375293, 0.23874587114919, 0.05923762485883, 0.01544295841163], [0.21285106715052, 0.60138290528687, 0.1511582732836, 0.01958725357292, 0.01502050070608], [0.21285106715052, 0.60138290528687, 0.1511582732836, 0.01958725357292, 0.01502050070608], [0.24347107353242, 0.56652332668124, 0.16566880025014, 0.01262898711923, 0.01170781241698], [0.25125834178025, 0.60068483354176, 0.11121681174903, 0.02134252501742, 0.01549748791155], [0.06748529780976, 0.29751927742876, 0.22465887610213, 0.3305172455739, 0.07981930308544], [0.32411197778827, 0.55283259823139, 0.1030053156962, 0.01035994193434, 0.0096901663498], [0.0472121256948, 0.22587492724187, 0.48459192284317, 0.19310630465382, 0.04921471956635], [0.37834450438178, 0.52796410216914, 0.07401057983485, 0.00609020454842, 0.01359060906582], [0.0472121256948, 0.22587492724187, 0.48459192284317, 0.19310630465382, 0.04921471956635], [0.1072513508624, 0.7454910657707, 0.13637271057425, 0.00798472081496, 0.0029001519777], [0.29252444408818, 0.6298886969676, 0.06404001492087, 0.00702984804057, 0.00651699598278], [0.22612308104582, 0.72301729209663, 0.02693162415959, 0.01163871200866, 0.01228929068931]], "Heinrich": [[0.20189917884278, 0.60408139425128, 0.15808147601264, 0.02374362002932, 0.01219433086397], [0.34433965594752, 0.54894427538023, 0.07064804158898, 0.01386285772761, 0.02220516935565], [0.24454670633395, 0.54535509247027, 0.17178985661684, 0.02222476082752, 0.01608358375142], [0.1628020028874, 0.5876407866167, 0.20610823252683, 0.02858007362491, 0.01486890434417], [0.47370270210685, 0.42026378722223, 0.08716788852181, 0.00881543005423, 0.01005019209488], [0.4012277746735, 0.45145144841647, 0.12960513900886, 0.00792098415159, 0.00979465374958], [0.42707004512008, 0.45588829673664, 0.08929948819289, 0.00920481987923, 0.01853735007116], [0.12530242679928, 0.62811581348233, 0.21194663845461, 0.02288109807087, 0.0117540231929], [0.16309749946569, 0.60064810975652, 0.1936412070221, 0.02713710653039, 0.01547607722531], [0.0509474366846, 0.33961590844828, 0.4487146192688, 0.13375775421853, 0.02696428137979]], "American": [[0.25414430264061, 0.56758322773166, 0.16515526868991, 0.00738951873254, 0.00572768220528], [0.1496791753371, 0.648879095079, 0.18322498648306, 0.0139886451579, 0.00422809794294], [0.1496791753371, 0.648879095079, 0.18322498648306, 0.0139886451579, 0.00422809794294], [0.00869890061953, 0.01162812034043, 0.09641358008263, 0.42403403948669, 0.45922535947073], [0.02252066231073, 0.03875445953669, 0.03917225660414, 0.60083124477837, 0.29872137677007], [0.01046685381827, 0.0347893431815, 0.11228600265019, 0.73324162471394, 0.10921617563611], [0.01046685381827, 0.0347893431815, 0.11228600265019, 0.73324162471394, 0.10921617563611], [0.12811888925966, 0.62111292791035, 0.21596860102922, 0.02687288896532, 0.00792669283545], [0.02477848557249, 0.10017750159636, 0.1465088897118, 0.64328046334632, 0.08525465977303], [0.01501325608443, 0.10164080607793, 0.43745391522564, 0.41750610853963, 0.02838591407238], [0.21372207232662, 0.63726258452844, 0.11465528750972, 0.01925076628801, 0.01510928934721], [0.21558193429275, 0.5484895439958, 0.1938604327963, 0.02569377655312, 0.01637431236203], [0.21990664033912, 0.60528575502846, 0.12845599195572, 0.02741640138048, 0.01893521129621], [0.01507056007136, 0.04124623315681, 0.13684673119029, 0.62344478309636, 0.18339169248518], [0.10681559523443, 0.38281540603759, 0.24262610612787, 0.20072766911819, 0.06701522348192], [0.55265444489736, 0.40400330412389, 0.03854646428004, 0.00099884922605, 0.00379693747266], [0.52298969559531, 0.37755313667956, 0.06342443792914, 0.01123119949273, 0.02480153030326], [0.12396648415774, 0.67254387929976, 0.19179941564305, 0.00784748754327, 0.00384273335618], [0.12396648415774, 0.67254387929976, 0.19179941564305, 0.00784748754327, 0.00384273335618], [0.22239530121519, 0.6231691023715, 0.11827378832811, 0.02256895804588, 0.01359285003932], [0.10262942305159, 0.56906046831194, 0.2286401082594, 0.07737730005678, 0.02229270032028], [0.2000567500123, 0.58637165660564, 0.18432636736805, 0.0189180921372, 0.01032713387682], [0.0570556091826, 0.29184930219472, 0.27162010826598, 0.3217397278377, 0.057735252519], [0.15489227908468, 0.64152088349461, 0.18453962700109, 0.01262556508724, 0.00642164533238], [0.17015940672301, 0.62938680995625, 0.17828570479478, 0.01454476713134, 0.00762331139462], [0.10132076976075, 0.63622681638982, 0.22818226971031, 0.02561001615164, 0.00866012798748], [0.10189068390216, 0.63697842934643, 0.2074790168182, 0.04274892004387, 0.01090294988934], [0.14592256353579, 0.65537522488718, 0.16321581366143, 0.02512505619163, 0.01036134172396], [0.18728188636203, 0.70057127690874, 0.09732808876212, 0.00959873612969, 0.00522001183743], [0.34031868844721, 0.51034693499124, 0.13139186235112, 0.01071093590289, 0.00723157830754], [0.34031868844721, 0.51034693499124, 0.13139186235112, 0.01071093590289, 0.00723157830754], [0.09854372258639, 0.58361066159598, 0.28213762238682, 0.02788370893468, 0.00782428449613], [0.25152314338318, 0.63307609578513, 0.06945294507032, 0.02997730435894, 0.01597051140243], [0.25542208036954, 0.58718204399918, 0.13528193881021, 0.01309511016721, 0.00901882665386], [0.03494875136471, 0.09452757074846, 0.11057431024379, 0.57056955603247, 0.18937981161058], [0.71738064409352, 0.25238631850395, 0.02506813964372, 0.00071868403746, 0.00444621372135], [0.71738064409352, 0.25238631850395, 0.02506813964372, 0.00071868403746, 0.00444621372135], [0.1881651117325, 0.6382958162262, 0.1321670358566, 0.02354791865215, 0.01782411753254], [0.1881651117325, 0.6382958162262, 0.1321670358566, 0.02354791865215, 0.01782411753254], [0.18812317994826, 0.6831099186433, 0.10677995546568, 0.01500621504591, 0.00698073089685], [0.03356472715507, 0.10620448246905, 0.07952482889961, 0.59238989221993, 0.18831606925633], [0.03356472715507, 0.10620448246905, 0.07952482889961, 0.59238989221993, 0.18831606925633], [0.01671713449818, 0.04508876856399, 0.10762228084788, 0.63984473043269, 0.19072708565726], [0.12167906622173, 0.70551406795651, 0.12036279459303, 0.03946371625402, 0.0129803549747], [0.19240145320827, 0.60088719192706, 0.18336795373676, 0.01438048951749, 0.00896291161041], [0.28675540572889, 0.62960426541331, 0.0682141767719, 0.00614131210922, 0.00928483997668], [0.10620332231869, 0.63820351941666, 0.20302630820512, 0.03865614497977, 0.01391070507976], [0.2782704998237, 0.61491060766263, 0.09113387859389, 0.0067554671835, 0.00892954673627], [0.15465367625368, 0.64901231586416, 0.14427852826594, 0.03673048246381, 0.0153249971524], [0.15465367625368, 0.64901231586416, 0.14427852826594, 0.03673048246381, 0.0153249971524], [0.1342783476009, 0.60959379489713, 0.17867634907427, 0.05938068787528, 0.01807082055241], [0.15211189893451, 0.66050918992911, 0.15990628445996, 0.01894755245039, 0.00852507422603], [0.2782704998237, 0.61491060766263, 0.09113387859389, 0.0067554671835, 0.00892954673627], [0.28648913887845, 0.56902263545731, 0.10976037398925, 0.02093450045507, 0.01379335121993], [0.21630398322447, 0.60305203696264, 0.16124930734779, 0.01143231992646, 0.00796235253864], [0.09129938380458, 0.64720424832236, 0.15770764674853, 0.08820038581351, 0.01558833531102], [0.09626992049281, 0.43043787848051, 0.29302004969024, 0.13688409888734, 0.0433880524491], [0.13478534145528, 0.66491028004566, 0.17166327289812, 0.01920860731603, 0.00943249828492], [0.13432947956296, 0.6639272563934, 0.13606835253329, 0.04959511352742, 0.01607979798293], [0.11659537835678, 0.63899326890006, 0.2184246244134, 0.02000844695779, 0.00597828137198], [0.06969784341378, 0.6359203825305, 0.25194784339485, 0.03604157959416, 0.0063923510667], [0.23120852559291, 0.64761900189591, 0.10104268174339, 0.01177933888621, 0.00835045188158], [0.12497779692061, 0.44827308864445, 0.24903085070622, 0.12586965229274, 0.05184861143598], [0.19430427421062, 0.57310402690785, 0.13528968195263, 0.05839720760846, 0.03890480932044], [0.05557303993224, 0.44083059335674, 0.33711794307641, 0.14326300115099, 0.02321542248362], [0.41537596886695, 0.47186916756227, 0.09667982369396, 0.00594737597189, 0.01012766390493], [0.20494125558699, 0.55810714189287, 0.19907670104993, 0.02266972380132, 0.01520517766889], [0.09788870846222, 0.33197654834634, 0.19128706929498, 0.26957126690296, 0.1092764069935], [0.1640601275035, 0.65010267027138, 0.13693898964449, 0.03492266486549, 0.01397554771514], [0.1640601275035, 0.65010267027138, 0.13693898964449, 0.03492266486549, 0.01397554771514], [0.06711044378587, 0.42565841938563, 0.29928113065238, 0.17653949585998, 0.03141051031614], [0.33685681309462, 0.50137427014128, 0.12836257622226, 0.01313590981707, 0.02027043072477], [0.11080989878653, 0.7112781693214, 0.15462938474562, 0.01766706469859, 0.00561548244785], [0.22753236545625, 0.5804486108342, 0.163560292258, 0.0167930658538, 0.01166566559775], [0.18746151740519, 0.59076881283205, 0.19203997521749, 0.01793383670668, 0.01179585783859], [0.06052842634007, 0.39656035089588, 0.29915516900804, 0.2092984192176, 0.03445763453841], [0.39289177805769, 0.46955686519789, 0.11879525693003, 0.00696978796357, 0.01178631185083], [0.21382354668675, 0.58334350394432, 0.1842776692915, 0.01108080338336, 0.00747447669406], [0.1362446196725, 0.72214997463887, 0.12200831312019, 0.01442052182806, 0.00517657074038], [0.1362446196725, 0.72214997463887, 0.12200831312019, 0.01442052182806, 0.00517657074038], [0.1247709021344, 0.5430813051713, 0.27434041288115, 0.04176540048321, 0.01604197932994], [0.11047335977352, 0.40158760748925, 0.22326615382917, 0.19919974618442, 0.06547313272364], [0.18927154423921, 0.58426561475072, 0.20146653732393, 0.01524022679378, 0.00975607689236], [0.04819226862732, 0.35613280986849, 0.34955820576183, 0.22053382137855, 0.02558289436381], [0.06650217088506, 0.32850668606236, 0.38017702247392, 0.1885186183057, 0.03629550227295], [0.20026963849583, 0.59388008242599, 0.18354199907988, 0.01299200323728, 0.00931627676102], [0.05644176649498, 0.33997248467999, 0.45439358353247, 0.12810816009902, 0.02108400519354], [0.26816051510078, 0.6121497916115, 0.09237870833165, 0.01541830233468, 0.01189268262139], [0.06964761662134, 0.65112936435641, 0.24803937965824, 0.0252817932137, 0.0059018461503], [0.06964761662134, 0.65112936435641, 0.24803937965824, 0.0252817932137, 0.0059018461503], [0.23471801284048, 0.61371513365426, 0.1303827641615, 0.01235161501979, 0.00883247432396], [0.37064624208568, 0.54648252912109, 0.06926127673512, 0.00589775026405, 0.00771220179407], [0.28780747454317, 0.54348156475685, 0.12156683477548, 0.0241584843209, 0.0229856416036], [0.12777551986561, 0.64508337275085, 0.16814847166915, 0.04381352714221, 0.01517910857217], [0.6863947956674, 0.27294746208537, 0.03339426151335, 0.00106106668732, 0.00620241404657], [0.10408553415991, 0.63586703016467, 0.19753872870368, 0.04899324494053, 0.0135154620312], [0.19984382610056, 0.64806529841445, 0.13742706715756, 0.0070195082616, 0.00764430006583], [0.19984382610056, 0.64806529841445, 0.13742706715756, 0.0070195082616, 0.00764430006583], [0.38081824090888, 0.52374025643709, 0.08441654358977, 0.00392673984392, 0.00709821922034], [0.21669180872158, 0.6551911578397, 0.10795962221865, 0.01114520400482, 0.00901220721525], [0.15897499636324, 0.65711881691833, 0.15047408377145, 0.02137434638927, 0.0120577565577], [0.29147203690361, 0.58783006478598, 0.10797745498208, 0.00565062500651, 0.00706981832183], [0.0046881503436, 0.00827578919637, 0.07357541995219, 0.67714069059521, 0.23631994991263], [0.12359634663701, 0.67623169495242, 0.17204180188112, 0.0218469911003, 0.00628316542916], [0.11900864492134, 0.60554356770727, 0.23367400105902, 0.03109003715354, 0.01068374915883], [0.19340904155001, 0.59827881277353, 0.19007243835347, 0.01308683289434, 0.00515287442865], [0.22696478336825, 0.56253496113981, 0.16806182982422, 0.02552704646006, 0.01691137920765], [0.16001943531477, 0.62256978658679, 0.18379902826579, 0.02292277157136, 0.01068897826129], [0.16001943531477, 0.62256978658679, 0.18379902826579, 0.02292277157136, 0.01068897826129], [0.04245612581404, 0.24634192981329, 0.48501020194928, 0.19527955381135, 0.03091218861203], [0.23460492343239, 0.60050745226197, 0.12433060177469, 0.02290163362773, 0.01765538890322], [0.23460492343239, 0.60050745226197, 0.12433060177469, 0.02290163362773, 0.01765538890322], [0.15917211001246, 0.63058680580046, 0.16755031481674, 0.02757394475285, 0.01511682461749], [0.22483379259753, 0.64039103821164, 0.11177137184197, 0.01490336908436, 0.00810042826449], [0.16875302076798, 0.68468374299201, 0.13055392539848, 0.01050698814321, 0.0055023226983], [0.11707661759764, 0.54690056786479, 0.22684151674676, 0.07934408833055, 0.02983720946026], [0.00921705232574, 0.01430128988581, 0.01862077019739, 0.61659944491522, 0.34126144267583], [0.21877265197905, 0.61769926962165, 0.14380467653012, 0.01080656072123, 0.00891684114795], [0.10447296290159, 0.65619503040476, 0.20900283545768, 0.02233066166355, 0.00799850957242], [0.41279689053837, 0.49491905433871, 0.07358423642467, 0.00634027631034, 0.01235954238791], [0.13819710959356, 0.53075495685155, 0.23490039035498, 0.07527322126404, 0.02087432193586], [0.39855168246219, 0.4443699886713, 0.130192948115, 0.01235340738153, 0.01453197336997], [0.55293898484166, 0.35322147213049, 0.05212926411211, 0.0122042953627, 0.02950598355304], [0.02958480378091, 0.26733749755843, 0.61897810786199, 0.07386095771272, 0.01023863308595], [0.5011920550943, 0.44136256698763, 0.04816960218302, 0.00256244531246, 0.00671333042258], [0.06237382698467, 0.31940165913229, 0.53172266980839, 0.07080013510585, 0.01570170896881], [0.14198210923087, 0.52791093401943, 0.256022410762, 0.05297913884256, 0.02110540714514], [0.14198210923087, 0.52791093401943, 0.256022410762, 0.05297913884256, 0.02110540714514], [0.14198210923087, 0.52791093401943, 0.256022410762, 0.05297913884256, 0.02110540714514], [0.14051159325288, 0.55714133746914, 0.2663332740592, 0.02772343734693, 0.00829035787185], [0.05298224600657, 0.37967779239305, 0.45313425533113, 0.09441833403626, 0.019787372233], [0.03809485380679, 0.49210099939721, 0.4231106274883, 0.04159400256091, 0.00509951674679], [0.1500730985541, 0.62420994736929, 0.18862364085205, 0.02664864390949, 0.01044466931507], [0.09419795635889, 0.669000015269, 0.21792450960217, 0.0138643376372, 0.00501318113275], [0.30381677377609, 0.52245428072756, 0.1399967172039, 0.01688735002501, 0.01684487826744], [0.12200719867543, 0.47286532216354, 0.26047701698378, 0.10304247470066, 0.04160798747659], [0.03673398559175, 0.2742746052409, 0.43560475209406, 0.23012556681687, 0.02326109025642], [0.05293928474869, 0.46400559635189, 0.31890497751734, 0.14747110953243, 0.01667903184965], [0.3881270663372, 0.38322257237426, 0.09347125219875, 0.0963036645484, 0.03887544454139], [0.16398851096691, 0.63389362302813, 0.1464537361159, 0.04368982480886, 0.01197430508021], [0.16398851096691, 0.63389362302813, 0.1464537361159, 0.04368982480886, 0.01197430508021], [0.38779592428074, 0.44671655426863, 0.1427836766242, 0.00966819530765, 0.01303564951878], [0.38779592428074, 0.44671655426863, 0.1427836766242, 0.00966819530765, 0.01303564951878], [0.15950438389813, 0.63499325681201, 0.17846689868057, 0.0171177324014, 0.00991772820789], [0.61578599834956, 0.29234800204773, 0.07593549364475, 0.0