{"Egypt": [[0.34525154738686, 0.50976916232743, 0.12575578790538, 0.00855103660146, 0.01067246577887], [0.10859815555104, 0.70720237388699, 0.15891224190511, 0.01907369451744, 0.00621353413942], [0.16822092194057, 0.69083286288361, 0.1266381670288, 0.00885310424859, 0.00545494389844], [0.24333032531552, 0.58842403889492, 0.14757667729219, 0.01154349141694, 0.00912546708042], [0.21825164284015, 0.59267711842101, 0.17888856625852, 0.006643638522, 0.00353903395831], [0.16347393077481, 0.64941506011055, 0.16244822603621, 0.01486138501519, 0.00980139806325], [0.21300034596146, 0.62641351394117, 0.12501217972242, 0.02003502561481, 0.01553893476014], [0.02778520163636, 0.16045093605298, 0.47483569538792, 0.2912185024329, 0.04570966448983], [0.02386973157797, 0.13953354765412, 0.38208297193598, 0.4069311126426, 0.04758263618932], [0.07305568232267, 0.63292481508551, 0.25292455183821, 0.03351918182514, 0.00757576892847], [0.20728844786886, 0.53580226618229, 0.2318654209611, 0.01350179048069, 0.01154207450706], [0.20728844786886, 0.53580226618229, 0.2318654209611, 0.01350179048069, 0.01154207450706], [0.01121870994996, 0.05024361759414, 0.13990006147043, 0.71873895519446, 0.07989865579101], [0.24198980402013, 0.53488051452632, 0.15518414273647, 0.03504071623452, 0.03290482248257], [0.10565016867755, 0.63810466914751, 0.22407462568096, 0.02459742295865, 0.00757311353532], [0.16694765295813, 0.65225301364686, 0.13928604535628, 0.03100772543332, 0.01050556260542], [0.09093641148631, 0.56027101630225, 0.27123816636337, 0.05970115638383, 0.01785324946424], [0.23902711542455, 0.58657807731094, 0.1501767024924, 0.01366207399459, 0.01055603077751], [0.25330215867112, 0.56292238837168, 0.14553246387768, 0.02513978128686, 0.01310320779266], [0.30220440948076, 0.57798867701981, 0.09792155268577, 0.00902318020445, 0.01286218060921], [0.30220440948076, 0.57798867701981, 0.09792155268577, 0.00902318020445, 0.01286218060921], [0.0170834203407, 0.09634673363883, 0.62685683956445, 0.23288061966087, 0.02683238679515], [0.17568063704119, 0.64191515757942, 0.16440740386458, 0.01034837787753, 0.00764842363729], [0.17568063704119, 0.64191515757942, 0.16440740386458, 0.01034837787753, 0.00764842363729], [0.14718392303612, 0.54058533469043, 0.16110285007812, 0.10433799338641, 0.04678989880892], [0.11068193426315, 0.48157372303826, 0.21562863701097, 0.14130582099771, 0.05080988468992], [0.27973204537957, 0.60554698642465, 0.09432185821692, 0.0092943472091, 0.01110476276975], [0.65063011703711, 0.23989563226757, 0.08435623134727, 0.00520048829127, 0.01991753105677], [0.15235743715332, 0.67570560902577, 0.13366775581295, 0.02736697005407, 0.01090222795389], [0.01637617606502, 0.22733416160463, 0.69239399610755, 0.05945150767273, 0.00444415855007], [0.11908900303081, 0.57585744315798, 0.27290259126176, 0.02401133719427, 0.00813962535518], [0.1814434156818, 0.6266026229087, 0.16244703972505, 0.01698990296843, 0.01251701871602], [0.22347822704292, 0.63431561109896, 0.11877145578363, 0.01202694044978, 0.01140776562471], [0.08808083190985, 0.44674472861024, 0.32477110540356, 0.10754316929726, 0.03286016477908]], "Turkey": [[0.27390760063162, 0.57690042520638, 0.12204335785771, 0.01341836053041, 0.01373025577388], [0.32805810084593, 0.54486123963594, 0.11463895854001, 0.0060405029795, 0.00640119799863], [0.05732036492078, 0.61829749010317, 0.24806407383287, 0.06845521052416, 0.00786286061902], [0.07919106776515, 0.42240126840777, 0.44423090651713, 0.04483647482423, 0.00934028248572], [0.29566202202196, 0.58807994091258, 0.1034560958774, 0.0058064724585, 0.00699546872956], [0.36875417511097, 0.4974010213048, 0.10875901730568, 0.01074621053566, 0.0143395757429], [0.32860897230718, 0.52114299509363, 0.12825589238549, 0.00986152419608, 0.01213061601761], [0.15785852875687, 0.62642372454128, 0.18346214749457, 0.02293925953837, 0.0093163396689], [0.09557538621277, 0.66020548484728, 0.21118114440435, 0.02571994705731, 0.00731803747829], [0.08013871356397, 0.59290873420557, 0.29202782159958, 0.02857597990193, 0.00634875072895], [0.27380387915602, 0.5981030170909, 0.09833749275445, 0.0130271189909, 0.01672849200773], [0.47503566622198, 0.36216076324242, 0.13804325493931, 0.00926822889796, 0.01549208669833], [0.47503566622198, 0.36216076324242, 0.13804325493931, 0.00926822889796, 0.01549208669833], [0.47503566622198, 0.36216076324242, 0.13804325493931, 0.00926822889796, 0.01549208669833], [0.11306487854467, 0.72198166629061, 0.13935559049295, 0.01882238848735, 0.00677547618442], [0.20452912414835, 0.65936182361758, 0.11001407052734, 0.01419112714619, 0.01190385456054], [0.12111122988442, 0.57765477802016, 0.26633489556633, 0.0244517850041, 0.01044731152499], [0.08196292467803, 0.67467186731606, 0.19611828939706, 0.04033157220044, 0.00691534640841], [0.1009696463155, 0.75033772963335, 0.12534540936928, 0.01869275391755, 0.00465446076432], [0.0667010196021, 0.58311759751395, 0.32036321339569, 0.02354839298615, 0.00626977650211], [0.03164728512621, 0.40144981563195, 0.47970635508677, 0.0810645935226, 0.00613195063246], [0.08306782833794, 0.65560832249375, 0.22884359316968, 0.02618557405039, 0.00629468194824], [0.18151031524131, 0.63884222751381, 0.15309687178019, 0.01573908524961, 0.01081150021508], [0.04924608198256, 0.4318702165999, 0.44037640755075, 0.06476879968543, 0.01373849418135], [0.26802334028687, 0.54993121715343, 0.15720905213731, 0.01363505557221, 0.01120133485019], [0.23405275492534, 0.57949722369663, 0.16620815573284, 0.0132069306199, 0.00703493502529], [0.11868222372316, 0.62576920481051, 0.21847047250052, 0.02722752417316, 0.00985057479265], [0.23941765261167, 0.60623920852969, 0.13469018657891, 0.00864930548838, 0.01100364679135], [0.18024755299364, 0.62488201946739, 0.17555903946933, 0.01207161413139, 0.00723977393826], [0.07007273153764, 0.59095652760592, 0.3223292622331, 0.0133204544029, 0.00332102422045], [0.07007273153764, 0.59095652760592, 0.3223292622331, 0.0133204544029, 0.00332102422045], [0.21352149090884, 0.49912462437992, 0.14885823741409, 0.0816362628634, 0.05685938443375], [0.19251065859394, 0.61104201284518, 0.14653791731008, 0.02990750916693, 0.02000190208386], [0.19251065859394, 0.61104201284518, 0.14653791731008, 0.02990750916693, 0.02000190208386], [0.16419502554981, 0.61886878297474, 0.19093696612707, 0.01642320126869, 0.00957602407969], [0.29200884426015, 0.56933815946406, 0.1260223042183, 0.00683244247739, 0.00579824958011], [0.28256810009193, 0.60111637854484, 0.10035486385173, 0.00635334273179, 0.00960731477971], [0.0104161522934, 0.03167574394797, 0.10245439335575, 0.73734097747482, 0.11811273292806], [0.42960112734249, 0.45768842942493, 0.10216646788236, 0.00382936792176, 0.00671460742846], [0.38440676146716, 0.50343001109308, 0.0996484222691, 0.00427312814735, 0.0082416770233], [0.04409016110726, 0.32556132369624, 0.49582568711825, 0.11296693740306, 0.02155589067519], [0.42396851437141, 0.4562536166254, 0.09265294990431, 0.00904554173392, 0.01807937736496], [0.2671205989757, 0.61327029483006, 0.10167272542529, 0.00811020222398, 0.00982617854498], [0.2671205989757, 0.61327029483006, 0.10167272542529, 0.00811020222398, 0.00982617854498], [0.31697829095583, 0.52451488793452, 0.13119146138199, 0.01364562109568, 0.01366973863198], [0.23027577747809, 0.55934756427432, 0.17280041807669, 0.02280418118433, 0.01477205898657], [0.23193416520738, 0.61740371331174, 0.12305559267194, 0.0133923015026, 0.01421422730634], [0.1577149481934, 0.62769632926985, 0.18389299889645, 0.01965763031118, 0.01103809332912], [0.09694316564985, 0.27205827933866, 0.164590521084, 0.32391224099416, 0.14249579293333], [0.22635784873942, 0.59357793027085, 0.15455770712031, 0.01377876559677, 0.01172774827266], [0.09389547379694, 0.4672994074643, 0.27420474529769, 0.12628579583709, 0.03831457760399], [0.28946569068074, 0.46870768796951, 0.21573809539818, 0.01283638288475, 0.01325214306682], [0.28946569068074, 0.46870768796951, 0.21573809539818, 0.01283638288475, 0.01325214306682], [0.33410005585804, 0.55512879913226, 0.08240477450034, 0.01053182703415, 0.01783454347521], [0.11364897549902, 0.42452961810326, 0.23637859136213, 0.16584799904323, 0.05959481599235], [0.08470478419924, 0.64921594196807, 0.23564539404073, 0.02370635873787, 0.00672752105409], [0.08470478419924, 0.64921594196807, 0.23564539404073, 0.02370635873787, 0.00672752105409], [0.61398068814423, 0.29586416979932, 0.07191239140586, 0.00507862356054, 0.01316412709006], [0.1328436633826, 0.61870699268203, 0.20244246583673, 0.03010295115064, 0.01590392694801], [0.06542514531909, 0.47187015881626, 0.40630591573799, 0.04585270654164, 0.01054607358502], [0.08634513149634, 0.49884008530349, 0.17157037241039, 0.20630276113176, 0.03694164965803], [0.17715228527009, 0.65332389674746, 0.14067343816605, 0.02150321569643, 0.00734716411998], [0.26613671549301, 0.49558002904524, 0.22611099823716, 0.00856606299786, 0.00360619422672], [0.62500685835675, 0.23721285802302, 0.10029883202336, 0.0160194762695, 0.02146197532736]], "Gaddafi": [[0.32215414545796, 0.49358407814131, 0.17009128060295, 0.00752435080639, 0.00664614499139], [0.36215608690491, 0.5019187135595, 0.10310787411302, 0.01762799659399, 0.01518932882858], [0.35730560683014, 0.51319877897573, 0.11349211448502, 0.00679607171464, 0.00920742799447], [0.16694765295813, 0.65225301364686, 0.13928604535628, 0.03100772543332, 0.01050556260542], [0.17500151645124, 0.61913418824639, 0.18689740171734, 0.01272459638364, 0.00624229720138], [0.3399345267392, 0.47907957934189, 0.08909083770423, 0.04016241765269, 0.05173263856199], [0.17892681239506, 0.65470513199331, 0.13525602424653, 0.02064108960143, 0.01047094176366], [0.15913240279652, 0.25264983131144, 0.53367134843345, 0.04184648632624, 0.01269993113236], [0.15235743715332, 0.67570560902577, 0.13366775581295, 0.02736697005407, 0.01090222795389], [0.11606621335538, 0.58108342353749, 0.25884666690951, 0.03071731849323, 0.01328637770439], [0.16477851382985, 0.63499364186865, 0.17394742225674, 0.01677234619746, 0.00950807584731], [0.0855809268684, 0.16308378665104, 0.07243034160009, 0.41463623543212, 0.26426870944834], [0.09377365075533, 0.62408127237909, 0.2173052769945, 0.05239765011886, 0.01244214975222]], "Berlin": [[0.19079122629, 0.54977579956378, 0.23941576671534, 0.01199414364753, 0.00802306378334], [0.18447324987014, 0.71725213467218, 0.08045042005021, 0.01202125142223, 0.00580294398524], [0.0471305222455, 0.23528455751041, 0.52361702086948, 0.16600089114407, 0.02796700823054], [0.09639179067894, 0.65108337939516, 0.22286691760881, 0.02178545159263, 0.00787246072446], [0.17770492730304, 0.61454508187861, 0.14810970951018, 0.03842271682569, 0.02121756448247], [0.14439889047512, 0.70349875502539, 0.12993940124864, 0.01487950599421, 0.00728344725664], [0.19865682929413, 0.62140668600929, 0.15934257737899, 0.01247016772275, 0.00812373959484], [0.09083931984137, 0.51955403581265, 0.31501489785205, 0.06001112617106, 0.01458062032288], [0.08236808568325, 0.54719186515212, 0.29418948829649, 0.06244307306616, 0.01380748780197], [0.37352263676496, 0.44947444840438, 0.14330072717132, 0.01482670008768, 0.01887548757165], [0.16116962882466, 0.69823611321697, 0.10885637956504, 0.02458281635483, 0.0071550620385], [0.16116962882466, 0.69823611321697, 0.10885637956504, 0.02458281635483, 0.0071550620385], [0.14423021747528, 0.65418561369909, 0.18102606095179, 0.01370188988227, 0.00685621799157], [0.12063321731725, 0.53647148545401, 0.24426341278425, 0.07025902301897, 0.02837286142551], [0.12063321731725, 0.53647148545401, 0.24426341278425, 0.07025902301897, 0.02837286142551], [0.26638813516114, 0.60844925330833, 0.09728045962476, 0.01310230828855, 0.01477984361722], [0.21512199205953, 0.53320679986013, 0.19347028646215, 0.03491497263486, 0.02328594898333], [0.23940274565917, 0.60066623654113, 0.13233931624509, 0.01830731539007, 0.00928438616454], [0.36486497998923, 0.49863545169903, 0.12161056516258, 0.0062778122195, 0.00861119092965], [0.30640746650697, 0.50174653092168, 0.15078458811454, 0.0200983975616, 0.02096301689522], [0.37050500557249, 0.4991843043936, 0.10722006201777, 0.01003912614962, 0.01305150186651], [0.06359126423296, 0.42148214341286, 0.37327373031105, 0.11547303948215, 0.02617982256099], [0.1852179931055, 0.66321104344641, 0.13176525468662, 0.01199164787272, 0.00781406088874], [0.09225327278745, 0.63085903404207, 0.22576030790848, 0.03956278188822, 0.01156460337377], [0.10789003175824, 0.64677202767381, 0.20673065379194, 0.02965324621537, 0.00895404056064], [0.08678031825223, 0.60073109889665, 0.2955581691837, 0.01226930995405, 0.00466110371337], [0.14009332473486, 0.63471098601784, 0.20422991991057, 0.01432575056862, 0.00664001876811], [0.29783260471326, 0.55593712119872, 0.12037257605041, 0.01193967035893, 0.01391802767869], [0.02623886729226, 0.20448907708415, 0.61936830797048, 0.13711877871864, 0.01278496893447], [0.04530961104339, 0.1784054746452, 0.32646572984895, 0.36305600859362, 0.08676317586885], [0.04763441890101, 0.31543507181081, 0.52799809423714, 0.09273824189655, 0.01619417315449], [0.42119081422648, 0.48829458537857, 0.07137852089166, 0.00692745427944, 0.01220862522385], [0.1097577014472, 0.70555980744689, 0.15913767739271, 0.02040869905702, 0.00513611465618], [0.16291312008266, 0.68855827817519, 0.12999243881633, 0.01321917336707, 0.00531698955875], [0.28736097837879, 0.58699834907952, 0.10895448273757, 0.00741879304901, 0.00926739675512], [0.42966490716923, 0.39104156301077, 0.16033101506976, 0.00959909565056, 0.00936341909968], [0.77990785513767, 0.17844366121542, 0.03370575602821, 0.00095816429776, 0.00698456332094], [0.12872130160596, 0.6746269149279, 0.14955927112839, 0.0346841917168, 0.01240832062095], [0.07718227248332, 0.43445811059542, 0.47998579967537, 0.0051400343428, 0.00323378290309], [0.40574132515307, 0.46111665994266, 0.10964755219991, 0.00953659143468, 0.01395787126967], [0.099128928643, 0.63676501218322, 0.22250474473036, 0.0323094374409, 0.00929187700252], [0.30000480855791, 0.54964075264866, 0.13414448982328, 0.00683866637036, 0.00937128259979], [0.52422534745164, 0.29661168587723, 0.15695822286152, 0.00800154977409, 0.01420319403552], [0.59212776696801, 0.31331965561852, 0.07993884309811, 0.00423693601134, 0.01037679830401], [0.19652432623611, 0.33030115764784, 0.17624890091495, 0.15455696150703, 0.14236865369407], [0.23065700121201, 0.59194340991, 0.14504065692893, 0.01783283968985, 0.01452609225921], [0.11897167133306, 0.54664457577754, 0.29256339485152, 0.0328484101003, 0.00897194793758], [0.11114141818477, 0.28780531611766, 0.52695040647051, 0.05770476717327, 0.01639809205379], [0.11395914081159, 0.52478385272804, 0.29166256407449, 0.04992260347813, 0.01967183890775], [0.24379410658453, 0.50202792801434, 0.19790316135268, 0.03049330888077, 0.02578149516768], [0.31605927363188, 0.50141472978255, 0.15934211948471, 0.01207831714405, 0.01110555995682], [0.17669375254232, 0.6703895401329, 0.14057606123754, 0.00705351176733, 0.00528713431991], [0.22213084750295, 0.61465818719286, 0.1501867487273, 0.00765508860104, 0.00536912797585], [0.03428447696878, 0.17884679381719, 0.50876797328689, 0.23963035376749, 0.03847040215965], [0.11039856929171, 0.56624037997913, 0.23214425736008, 0.06823376748628, 0.02298302588279], [0.34120330265938, 0.56894302740697, 0.07883148282122, 0.00498269528115, 0.00603949183128], [0.13962261839094, 0.64296219856505, 0.18383449775087, 0.02241787029534, 0.01116281499781], [0.07796150616853, 0.18794300916663, 0.07400083089433, 0.49049511319977, 0.16959954057074], [0.17955606777659, 0.66071178380599, 0.13470857987427, 0.01693853926464, 0.00808502927851], [0.03960566392938, 0.28483867505628, 0.52303540292113, 0.12951675988565, 0.02300349820756], [0.17938162506297, 0.63914893229992, 0.16079070582848, 0.01405404008173, 0.0066246967269], [0.13330588116259, 0.36383009729275, 0.17332444363472, 0.2125438526496, 0.11699572526034], [0.21275320160965, 0.51520373829902, 0.24492355057313, 0.01765641416193, 0.00946309535627], [0.10162873842956, 0.5457544623588, 0.29809165481965, 0.03950292291903, 0.01502222147296], [0.0325725944369, 0.2168388498579, 0.53694478883826, 0.18399286946566, 0.02965089740127], [0.09095722603186, 0.69818698268343, 0.1802926206497, 0.02307407744045, 0.00748909319455], [0.09185027861308, 0.6480792776695, 0.24111816254807, 0.01437843123211, 0.00457384993724], [0.27233129844822, 0.57569240488633, 0.11775867997419, 0.01687128370617, 0.01734633298508], [0.02990837507417, 0.27553969577689, 0.59100522143404, 0.09214709779788, 0.01139960991701], [0.46391372970433, 0.45140706697318, 0.07398574115441, 0.00343908957633, 0.00725437259174], [0.46428978616111, 0.44120827984771, 0.08471017294163, 0.00303651477698, 0.00675524627256], [0.10551750830145, 0.70181853043377, 0.17010386537942, 0.01578485562868, 0.00677524025669], [0.10551750830145, 0.70181853043377, 0.17010386537942, 0.01578485562868, 0.00677524025669], [0.3197837489603, 0.47458256149207, 0.17781750587591, 0.01478693865747, 0.01302924501425], [0.3197837489603, 0.47458256149207, 0.17781750587591, 0.01478693865747, 0.01302924501425], [0.04728200894718, 0.31083190554381, 0.45033869666294, 0.16730274796144, 0.02424464088463], [0.26926023904776, 0.53874442261063, 0.1556016850165, 0.02004711322381, 0.01634654010131], [0.26926023904776, 0.53874442261063, 0.1556016850165, 0.02004711322381, 0.01634654010131], [0.1954166353568, 0.5070907324288, 0.24153744200239, 0.03726724646367, 0.01868794374834], [0.19083276636519, 0.62564511432242, 0.11927051933733, 0.04352446226584, 0.02072713770923], [0.35523008586503, 0.52237847701195, 0.09811149298846, 0.00848868804934, 0.01579125608522], [0.10791514839795, 0.61865850474714, 0.15086026854373, 0.0980556694936, 0.02451040881757], [0.40555818688963, 0.45248418796901, 0.12280745169227, 0.00860321552564, 0.01054695792345], [0.25273321882097, 0.54970858122963, 0.18220180976815, 0.00810069623528, 0.00725569394597], [0.16632713755276, 0.61545985781586, 0.18625068032523, 0.02045655997359, 0.01150576433255], [0.14114578444309, 0.57607050477544, 0.23281573313759, 0.03447180062179, 0.01549617702208], [0.12171428828104, 0.68145613515062, 0.18013492931044, 0.01096692353526, 0.00572772372265], [0.38440676146716, 0.50343001109308, 0.0996484222691, 0.00427312814735, 0.0082416770233], [0.19413001748538, 0.65369872891319, 0.12264030891518, 0.0164633127642, 0.01306763192205], [0.29818135905845, 0.48437931978557, 0.09350580802773, 0.05754663190038, 0.06638688122787], [0.18370455048106, 0.68012004297884, 0.12167941653123, 0.00911645115026, 0.00537953885861], [0.20077725081328, 0.58967686888943, 0.17937036191539, 0.01899366184523, 0.01118185653667]], "Ukraine": [[0.04102559690917, 0.2465292928676, 0.47896107970388, 0.19671791256638, 0.03676611795297], [0.25929352160374, 0.55296195064467, 0.15895756771127, 0.01597325629756, 0.01281370374276], [0.21598560709085, 0.50941147995833, 0.22239683406025, 0.03955242165879, 0.01265365723177], [0.29566202202196, 0.58807994091258, 0.1034560958774, 0.0058064724585, 0.00699546872956], [0.07774060381091, 0.28038029021397, 0.56597504318109, 0.0599686890693, 0.01593537372473], [0.07774060381091, 0.28038029021397, 0.56597504318109, 0.0599686890693, 0.01593537372473], [0.19713802241416, 0.64188254339184, 0.1307397086458, 0.01683601259431, 0.01340371295389], [0.19713802241416, 0.64188254339184, 0.1307397086458, 0.01683601259431, 0.01340371295389], [0.16407274947003, 0.64778332718231, 0.171610081446, 0.0106771586634, 0.00585668323826], [0.19305014754142, 0.63143091394401, 0.14904685008452, 0.01726900519492, 0.00920308323513], [0.0638861641328, 0.48582635102331, 0.33797229259622, 0.09489710015177, 0.01741809209589], [0.10831018430138, 0.58388458326594, 0.25713896913533, 0.03573222765117, 0.01493403564617], [0.31073495071292, 0.40255873255041, 0.26328044039092, 0.01272974498549, 0.01069613136026], [0.12156817674346, 0.70955654269105, 0.14662181045967, 0.01537677056298, 0.00687669954284], [0.04212254250473, 0.27785345454605, 0.49907082612359, 0.15780852382902, 0.0231446529966], [0.50269538510971, 0.3428314771823, 0.0755556921059, 0.02894754261251, 0.04996990298958], [0.31944042995094, 0.52541511433393, 0.13415327384854, 0.01093356748351, 0.01005761438308], [0.08504345225985, 0.46543186787123, 0.31329720885652, 0.10467625662319, 0.0315512143892], [0.19509873886254, 0.6037305040676, 0.16599289161977, 0.02105072017139, 0.01412714527871], [0.21176377058628, 0.58972222225362, 0.17977368668289, 0.01178146302743, 0.00695885744978], [0.15118981438566, 0.62216642391601, 0.15444797264224, 0.05040429288958, 0.02179149616651], [0.28653784772179, 0.60625798026007, 0.09472131483562, 0.0060437920566, 0.00643906512592], [0.43289392456328, 0.39999463031575, 0.13825235930947, 0.01464241945857, 0.01421666635294], [0.43289392456328, 0.39999463031575, 0.13825235930947, 0.01464241945857, 0.01421666635294], [0.11195119251877, 0.65857251035881, 0.18741894152798, 0.03110992383022, 0.01094743176421], [0.21494878094122, 0.55946225199556, 0.1734777561634, 0.0327988628816, 0.01931234801823], [0.21494878094122, 0.55946225199556, 0.1734777561634, 0.0327988628816, 0.01931234801823], [0.21494878094122, 0.55946225199556, 0.1734777561634, 0.0327988628816, 0.01931234801823], [0.39173903241408, 0.49793683821188, 0.07647231204468, 0.01335723616024, 0.02049458116911], [0.52051918269618, 0.39547641978927, 0.06784954234205, 0.00443864806497, 0.01171620710752], [0.52051918269618, 0.39547641978927, 0.06784954234205, 0.00443864806497, 0.01171620710752], [0.30991806323607, 0.5103983091406, 0.1550051218484, 0.01377207701191, 0.01090642876302], [0.10161740280595, 0.56466781288244, 0.28636250147224, 0.03590254955708, 0.01144973328229], [0.16959742249653, 0.64712550188288, 0.17232489090636, 0.00679276928013, 0.00415941543411], [0.16959742249653, 0.64712550188288, 0.17232489090636, 0.00679276928013, 0.00415941543411], [0.16959742249653, 0.64712550188288, 0.17232489090636, 0.00679276928013, 0.00415941543411], [0.44149597584352, 0.45023852063996, 0.08203103233793, 0.00974783411257, 0.01648663706602], [0.29223183990678, 0.59113948673937, 0.09615451245914, 0.00970483224821, 0.0107693286465], [0.1456907710725, 0.68916567723445, 0.10178337486347, 0.04746957419268, 0.0158906026369], [0.05140415320638, 0.35820963325355, 0.39385498780061, 0.16636168712656, 0.03016953861291], [0.18306597250942, 0.54015094385198, 0.23214397750748, 0.030474002021, 0.01416510411011], [0.47072779108861, 0.45292873429597, 0.06028555534526, 0.0045601107146, 0.01149780855556], [0.25427814634485, 0.57221648993956, 0.13360837452599, 0.02194423165839, 0.01795275753122], [0.14537867175075, 0.58976332584145, 0.24308547681468, 0.01469719866774, 0.00707532692538], [0.30542025114872, 0.54741014274564, 0.12349123776792, 0.01394316157095, 0.00973520676678], [0.12996764184855, 0.59958975831459, 0.24349986391421, 0.01837930914298, 0.00856342677966], [0.1162830475843, 0.47591895963647, 0.35963354700717, 0.03949903599392, 0.00866540977814], [0.19568275847844, 0.61961626929702, 0.15179867589374, 0.01859526706033, 0.01430702927047], [0.07948605401671, 0.53337663598393, 0.22723331319758, 0.13659587761032, 0.02330811919146], [0.08152215593046, 0.74413266384434, 0.15148999774657, 0.01912491973906, 0.00373026273957], [0.2701852166279, 0.61313101098334, 0.08495495573772, 0.01347973399898, 0.01824908265206], [0.12888206882987, 0.66026507777893, 0.17064741268206, 0.02700309168848, 0.01320234902066], [0.55072847926231, 0.36418683285248, 0.06549976503672, 0.00540844269901, 0.01417648014948], [0.11432029169488, 0.50109193904918, 0.28804977918718, 0.07173425154239, 0.02480373852637], [0.03832894289114, 0.44847839792431, 0.48993101495666, 0.0193528727779, 0.00390877145], [0.07606165376417, 0.58377541861932, 0.31597538570769, 0.02042989510551, 0.00375764680332], [0.29193376588978, 0.53381440492691, 0.12800663387573, 0.02126858282821, 0.02497661247937], [0.29193376588978, 0.53381440492691, 0.12800663387573, 0.02126858282821, 0.02497661247937], [0.01476085742612, 0.03843643921062, 0.07724371949591, 0.69282150655545, 0.1767374773119], [0.20910096834562, 0.65171979866973, 0.12240776339596, 0.01097001819821, 0.00580145139048], [0.06975981419405, 0.69380281339294, 0.18441602039354, 0.04586079497138, 0.00616055704809], [0.32725834476073, 0.49959239302223, 0.15388503092143, 0.00978665518327, 0.00947757611234], [0.12974339822306, 0.71894338882912, 0.12101526207147, 0.02198880074597, 0.00830915013037], [0.18023925982048, 0.55671196286419, 0.14996383806082, 0.07244699055999, 0.04063794869451], [0.45710804472411, 0.46167758577362, 0.0614301350299, 0.00560373571226, 0.01418049876012], [0.31987810397402, 0.58715746320493, 0.07668675417633, 0.00642293851859, 0.00985474012612], [0.07622222826279, 0.66869948207639, 0.19978433877093, 0.04771454616765, 0.00757940472224], [0.30270052683632, 0.52259438345158, 0.15055556956357, 0.01236458081462, 0.0117849393339], [0.30270052683632, 0.52259438345158, 0.15055556956357, 0.01236458081462, 0.0117849393339], [0.30270052683632, 0.52259438345158, 0.15055556956357, 0.01236458081462, 0.0117849393339], [0.09557538621277, 0.66020548484728, 0.21118114440435, 0.02571994705731, 0.00731803747829], [0.31193589986392, 0.6673576888427, 0.01469794973795, 0.00217330009518, 0.00383516146025], [0.13014172944596, 0.60644708942724, 0.23144086120899, 0.02197925237767, 0.00999106754014], [0.09961955522476, 0.63828116668102, 0.22908961097435, 0.02712452609234, 0.00588514102753], [0.09129575061209, 0.58021873593985, 0.26351777461106, 0.04870972573259, 0.01625801310441], [0.05591842796603, 0.61625607476361, 0.2524923832778, 0.06803809640253, 0.00729501759003], [0.07325040571852, 0.61962956833574, 0.25284985405935, 0.04523840106143, 0.00903177082497], [0.17850810572369, 0.64997684374817, 0.11276125989229, 0.0352119570015, 0.02354183363435], [0.26679757145825, 0.50754353316152, 0.09913885899204, 0.06244399389209, 0.0640760424961], [0.27380387915602, 0.5981030170909, 0.09833749275445, 0.0130271189909, 0.01672849200773], [0.0751113028731, 0.64575637721931, 0.24091644823597, 0.03096669288633, 0.00724917878529], [0.15025479976837, 0.57349248653097, 0.19236568957252, 0.06062942525316, 0.02325759887497], [0.39019806141247, 0.46517891780381, 0.11207347393752, 0.01504866441161, 0.01750088243459], [0.13962679769699, 0.71400064937952, 0.12531626554926, 0.01476966593799, 0.00628662143625], [0.13962679769699, 0.71400064937952, 0.12531626554926, 0.01476966593799, 0.00628662143625], [0.15406157991784, 0.68977408322801, 0.14029733677923, 0.01114351235425, 0.00472348772067], [0.08943421047086, 0.55396979015692, 0.26508036705946, 0.06911206729007, 0.02240356502268], [0.12385315241808, 0.55535444121104, 0.25523803427832, 0.04706361074932, 0.01849076134324], [0.12385315241808, 0.55535444121104, 0.25523803427832, 0.04706361074932, 0.01849076134324], [0.4737056055018, 0.4883489189971, 0.03144566725755, 0.00201087537191, 0.00448893287163], [0.12969475945066, 0.59925490736977, 0.22604666594125, 0.03214684605658, 0.01285682118174], [0.1542160805226, 0.64573846122335, 0.17492803792313, 0.01770907342905, 0.00740834690187], [0.27218070277415, 0.53714594263253, 0.12752003999536, 0.03072215196983, 0.03243116262812], [0.27204617906185, 0.58068578731769, 0.08422043927928, 0.03200229840891, 0.03104529593228], [0.09482596640657, 0.63981421882085, 0.21582376121437, 0.04223288014646, 0.00730317341175], [0.02875972930183, 0.16254244090749, 0.16544861995144, 0.58271788925688, 0.06053132058236], [0.1679828635934, 0.68303198276201, 0.12412188180552, 0.01592463885245, 0.00893863298662], [0.25620758308306, 0.59629005674105, 0.1208105314319, 0.01343907368593, 0.01325275505806], [0.07965173221992, 0.56393796628931, 0.29298446219074, 0.0503519676609, 0.01307387163914], [0.03670957415687, 0.25350598369409, 0.54196305386612, 0.14861275438466, 0.01920863389826], [0.21312383263483, 0.61729883992863, 0.1521179271406, 0.01091500349796, 0.00654439679799], [0.33532557355487, 0.51656717476255, 0.12316967053907, 0.01151076380114, 0.01342681734236], [0.02860407811212, 0.19282953656102, 0.55078109250816, 0.19876268606759, 0.02902260675111], [0.00878351666637, 0.08237719035362, 0.77564206800171, 0.12575738143778, 0.00743984354052], [0.0946331155873, 0.67021808941794, 0.20501077108812, 0.02537406848937, 0.00476395541726], [0.14105281284933, 0.52220089282038, 0.21270596307837, 0.08527788131178, 0.03876244994013], [0.04145048030607, 0.26607703861476, 0.4899842699163, 0.17035406544686, 0.03213414571601]], "Ronald": [[0.16287341462995, 0.61871633183568, 0.1525012064827, 0.04328900833915, 0.02262003871252], [0.26807605893925, 0.56682014116206, 0.14123264900556, 0.01461875489686, 0.00925239599627], [0.11591306484842, 0.28550829307297, 0.22732670691417, 0.26144161333886, 0.10981032182558], [0.23550777314338, 0.59656414077237, 0.1485368926437, 0.01234149124358, 0.00704970219698], [0.06458355193943, 0.28445332621625, 0.33409154278178, 0.24835908584196, 0.06851249322059], [0.17082096894061, 0.68074096204704, 0.12518143172413, 0.01465404211268, 0.00860259517554]], "Central": [[0.1471061173829, 0.66852123670954, 0.15758255915111, 0.01717243610356, 0.00961765065289], [0.05376416677958, 0.20937478282661, 0.22904725506852, 0.40107797788352, 0.10673581744178], [0.42739068855649, 0.46226299783162, 0.09527878890697, 0.00488834048178, 0.01017918422315], [0.13190695502889, 0.67855017473206, 0.16576987042539, 0.01684159282406, 0.0069314069896], [0.15280206477864, 0.62993977532018, 0.15573771407434, 0.0385682671823, 0.02295217864454], [0.09884973890604, 0.64761495329541, 0.22715746679068, 0.01996619947954, 0.00641164152834], [0.11223590262187, 0.62989183767979, 0.21198026131258, 0.03502944391931, 0.01086255446645], [0.13465166976617, 0.62287305692033, 0.20339326132008, 0.02661813853718, 0.01246387345623], [0.14984173507251, 0.63911046181193, 0.17040893635025, 0.02649070279616, 0.01414816396915], [0.76950503260789, 0.17357242726477, 0.04490727235702, 0.00165351925475, 0.01036174851557], [0.02591788603433, 0.10411088279016, 0.17755405398636, 0.58860403397764, 0.10381314321151], [0.08409653903256, 0.72501348791192, 0.18156440930305, 0.00691414303019, 0.00241142072228], [0.15836503352306, 0.65912714227932, 0.16407589131642, 0.01175921276895, 0.00667272011225], [0.29361251628111, 0.5314519922611, 0.14962883285539, 0.01426149010048, 0.01104516850192], [0.4507766102614, 0.4640720920779, 0.0696216250369, 0.00477616413763, 0.01075350848616], [0.08660083229742, 0.5720320431275, 0.3072512099345, 0.02719357322441, 0.00692234141616], [0.21645654685397, 0.63848368481969, 0.12328874583288, 0.0112149758429, 0.01055604665055], [0.31392131457358, 0.54937663036178, 0.06829533151896, 0.02780119295822, 0.04060553058746], [0.050640067915, 0.30372477514894, 0.36144272472698, 0.24444218951379, 0.03975024269529], [0.37484206111382, 0.4351390628485, 0.1660364245333, 0.01001995220939, 0.01396249929499], [0.15989472926626, 0.61817025502625, 0.18198620511242, 0.02561722866885, 0.01433158192622], [0.04433798361459, 0.26692011978509, 0.44865035344395, 0.20064887238654, 0.03944267076982], [0.04014985126541, 0.29826702581994, 0.49786729823413, 0.14024623156186, 0.02346959311866], [0.16119968684931, 0.60053152549334, 0.2076278098885, 0.02012196426586, 0.01051901350298], [0.19217288183125, 0.59160158798266, 0.20383358176272, 0.00768257037605, 0.00470937804733], [0.17012560610414, 0.65854474396405, 0.13729514797905, 0.02138288751176, 0.01265161444101]], "Armed": [[0.11328917955007, 0.60516067637954, 0.23787199401077, 0.03239581208763, 0.01128233797199], [0.1466103310178, 0.35575956081225, 0.17211472420604, 0.20984369175054, 0.11567169221336], [0.05680552474361, 0.42142712998373, 0.4196901148891, 0.08384678513113, 0.01823044525243], [0.18323684796731, 0.72213122718859, 0.07755661400871, 0.01215900047409, 0.0049163103613], [0.12587153148807, 0.55328253572391, 0.24641469829072, 0.05198221063714, 0.02244902386015], [0.01553524403751, 0.04354123355758, 0.1223241234158, 0.67106262487196, 0.14753677411715], [0.57418150595702, 0.34240650611419, 0.06484552463529, 0.00432241671816, 0.01424404657534], [0.07948605401671, 0.53337663598393, 0.22723331319758, 0.13659587761032, 0.02330811919146], [0.08152215593046, 0.74413266384434, 0.15148999774657, 0.01912491973906, 0.00373026273957], [0.30365334935383, 0.55039054937559, 0.12440114611825, 0.00881515421501, 0.01273980093731], [0.04828129956945, 0.21951885915179, 0.35210923969501, 0.30973632294405, 0.0703542786397]], "Singapore": [[0.08358359932445, 0.40443745834502, 0.30016446087732, 0.16577304879724, 0.04604143265597], [0.20124181232228, 0.51296568284893, 0.23050786729654, 0.03900207256481, 0.01628256496745], [0.25934146929522, 0.52377748622144, 0.12251409246983, 0.05114993340894, 0.04321701860456], [0.21352848600514, 0.58429029651402, 0.14196801932976, 0.03555655791858, 0.0246566402325], [0.22954931828335, 0.65763917550603, 0.08834403945209, 0.01667136481915, 0.00779610193938], [0.45383744752561, 0.44050652301548, 0.07482331615441, 0.01088428230187, 0.01994843100263], [0.08320505571657, 0.53436096379158, 0.31190653297478, 0.0536477190091, 0.01687972850797], [0.38771090770852, 0.4513381733991, 0.1488931178605, 0.0043866855916, 0.00767111544028], [0.11983819716503, 0.71127833290539, 0.15423339720382, 0.00978935987931, 0.00486071284645], [0.19664753279029, 0.65117766850765, 0.12735567555355, 0.01690523991341, 0.0079138832351]], "Nagasaki": [[0.30278402860879, 0.5226540163994, 0.15210306293283, 0.00922122804493, 0.01323766401405], [0.10402881058916, 0.73053114420579, 0.15350412495966, 0.00905261371487, 0.00288330653052], [0.42762649631145, 0.42124399786005, 0.11167099476456, 0.0161908086679, 0.02326770239604], [0.27839962993663, 0.56714859888034, 0.13428932297858, 0.01346928274441, 0.00669316546003], [0.49115759162649, 0.41557141618556, 0.08218056049413, 0.00333402547945, 0.00775640621436], [0.35806478226792, 0.53008088786198, 0.09850315575067, 0.00561952240271, 0.00773165171673], [0.15925157829375, 0.67999138695186, 0.14416307072973, 0.01121043417312, 0.00538352985154], [0.15644538493236, 0.60196811281454, 0.2017571114572, 0.02605303063713, 0.01377636015877], [0.14983988838593, 0.70232071949664, 0.13145837787145, 0.01108696503211, 0.00529404921387], [0.1151782245916, 0.72173252934763, 0.13486561430044, 0.02283615365895, 0.00538747810138], [0.33158546366366, 0.53632980319012, 0.11217160249102, 0.00840682606735, 0.01150630458784], [0.18145983499574, 0.57028261455754, 0.19593748374825, 0.03542786572338, 0.01689220097509], [0.30533352419168, 0.53276024402719, 0.12872355532345, 0.01966809477661, 0.01351458168107], [0.23602925769994, 0.56155296543729, 0.18265510125094, 0.01108331202606, 0.00867936358578], [0.13524439102204, 0.67049486686745, 0.17755784234886, 0.01122793339885, 0.0054749663628], [0.19778887832209, 0.58017582973834, 0.19368912022704, 0.01746501433217, 0.01088115738037], [0.15268464693462, 0.52983444628843, 0.24993984424774, 0.04713098239445, 0.02041008013476], [0.02630549628146, 0.17279030715634, 0.56743340703311, 0.20415623352083, 0.02931455600827], [0.01717864973269, 0.04148281497768, 0.10204090015124, 0.6615693638991, 0.17772827123929], [0.17409274359746, 0.55384125235193, 0.21786465094712, 0.03591008591656, 0.01829126718693], [0.20162079686036, 0.69339331972064, 0.09279666407694, 0.00767930124728, 0.00450991809479], [0.19523406566645, 0.61399510201614, 0.16126644917403, 0.01910981999451, 0.01039456314887], [0.55036635964611, 0.33505435469605, 0.09863730777697, 0.00509537050751, 0.01084660737336], [0.36002157945968, 0.52972235810741, 0.09464511208691, 0.00530409685901, 0.01030685348699], [0.02777238678547, 0.08797911957474, 0.12501404352134, 0.60464593939007, 0.15458851072837], [0.14270473345452, 0.58812886172332, 0.20921709021164, 0.04516586713452, 0.014783447476], [0.17562794317945, 0.66920910774968, 0.14696292599338, 0.00477108417823, 0.00342893889926], [0.30643946842481, 0.52591669879782, 0.13308567758869, 0.01862971228809, 0.0159284429006], [0.12233627411052, 0.57412862761344, 0.18502580622941, 0.08554040931369, 0.03296888273294], [0.22780929562685, 0.6028824208929, 0.13007349831583, 0.02108199847907, 0.01815278668535], [0.03333811323359, 0.49751151009931, 0.45159814400436, 0.01492817909766, 0.00262405356507], [0.12384987645562, 0.69349624461183, 0.17200723345781, 0.00742132961436, 0.00322531586039], [0.25274637055144, 0.63286565669878, 0.09436361245086, 0.00903044971229, 0.01099391058664], [0.10442858526097, 0.62559621975774, 0.23536777045375, 0.02750043729785, 0.00710698722969], [0.10170412540126, 0.63631428732101, 0.22231445851108, 0.03023474489133, 0.00943238387533], [0.0903653277159, 0.47516812699991, 0.20955571646306, 0.18027930862663, 0.0446315201945], [0.20288464667817, 0.56680260213402, 0.16060119820213, 0.04320592467258, 0.0265056283131], [0.0830975820862, 0.54663409476556, 0.30779060639919, 0.04619393287474, 0.01628378387431], [0.06279585800374, 0.28504515639452, 0.35850015576594, 0.23351735619863, 0.06014147363718], [0.03899753821895, 0.18547548952466, 0.37265685883593, 0.33647821511215, 0.0663918983083], [0.18452237175677, 0.54194788387653, 0.14018006681864, 0.08880402126076, 0.0445456562873], [0.09121397729989, 0.59098983669008, 0.25375777868316, 0.04917185800217, 0.01486654932469], [0.26558583864234, 0.58322499781361, 0.07985857421504, 0.0340564000588, 0.0372741892702], [0.15568355744052, 0.64000838734823, 0.18241980247175, 0.01485108739248, 0.00703716534702], [0.16094927331697, 0.59432566623954, 0.21810631520043, 0.02074906704735, 0.00586967819571], [0.10262175776745, 0.49284279740254, 0.27602347507058, 0.09471906543078, 0.03379290432865], [0.13736666396341, 0.5968864289547, 0.18300074958275, 0.05637640649995, 0.02636975099919], [0.12586898970839, 0.55215814003443, 0.22739602403659, 0.06652834441136, 0.02804850180922], [0.11034530904094, 0.43197625271955, 0.22992532757271, 0.16265823950468, 0.06509487116213], [0.21267622635463, 0.60714042103976, 0.1179877685129, 0.03294772247495, 0.02924786161776], [0.13862855578707, 0.58239671049822, 0.1863149919679, 0.06255776678808, 0.03010197495874], [0.07858196760084, 0.33533414302911, 0.30749154280362, 0.21462383104841, 0.06396851551802], [0.10262175776745, 0.49284279740254, 0.27602347507058, 0.09471906543078, 0.03379290432865], [0.08208509615612, 0.52102527409839, 0.25096479305791, 0.12063712841061, 0.02528770827698], [0.03480915383563, 0.17726707733621, 0.37302354883902, 0.35967981113716, 0.05522040885198], [0.17304179903176, 0.53502007191452, 0.145798147314, 0.08698489232116, 0.05915508941857], [0.00691676710871, 0.03990925313737, 0.59026886340769, 0.34430452145475, 0.01860059489149]], "Putin": [], "California": [[0.21415494706683, 0.58652523362347, 0.1759078034118, 0.01565210575777, 0.00775991014012], [0.12296189232197, 0.44487180402946, 0.21507725274776, 0.15565143621874, 0.06143761468207], [0.10823485998006, 0.28767325802228, 0.15659893863287, 0.29332637549545, 0.15416656786934], [0.10823485998006, 0.28767325802228, 0.15659893863287, 0.29332637549545, 0.15416656786934], [0.10106978745248, 0.56885089335207, 0.23430907054323, 0.07386197134186, 0.02190827731036], [0.11301572092009, 0.62882198574184, 0.20971560807828, 0.03853575863589, 0.00991092662391], [0.46416618859505, 0.45952902240026, 0.0601015443544, 0.00439416492033, 0.01180907972996], [0.19395971395852, 0.67047419591919, 0.10600234075847, 0.01808238510035, 0.01148136426348], [0.21582398377538, 0.51702512671792, 0.12189274698016, 0.07623092048709, 0.06902722203945], [0.24147050299217, 0.60244167387428, 0.13149309026168, 0.01462267191739, 0.00997206095448], [0.08753287284161, 0.56015032347625, 0.26809077852845, 0.06612876495368, 0.01809726020001], [0.08313822611501, 0.63494862874117, 0.19606552325819, 0.07544119594446, 0.01040642594117], [0.12852104822885, 0.56246592183402, 0.20606046937466, 0.07006903379708, 0.0328835267654], [0.0485212992271, 0.19581187337813, 0.23214720386409, 0.43530474926155, 0.08821487426913], [0.12965247224989, 0.56688753508624, 0.19750927599764, 0.07205498702233, 0.03389572964389], [0.16011464167839, 0.69910507