{"Moscow": [[0.16425814614693, 0.65702649277719, 0.15995499418728, 0.0136165468075, 0.00514382008111], [0.15671034545013, 0.66118532541652, 0.15721512306897, 0.01629008179416, 0.00859912427022], [0.21587518914522, 0.60998747004123, 0.13574575195494, 0.02303690670843, 0.01535468215017], [0.17960553391585, 0.62715676979632, 0.17226735244981, 0.0130600039133, 0.00791033992472], [0.29147849929093, 0.60512876324801, 0.08763719043478, 0.00698362738459, 0.0087719196417], [0.21495016471864, 0.58085733352471, 0.16760422994396, 0.02331178177819, 0.01327649003449], [0.10731714716728, 0.70608497747796, 0.13970975162953, 0.03618784784888, 0.01070027587635], [0.36487863281312, 0.48141941037768, 0.08065708662064, 0.03215110530076, 0.04089376488781], [0.19838512816539, 0.61865203614397, 0.15991534782019, 0.01290599290895, 0.01014149496149], [0.19838512816539, 0.61865203614397, 0.15991534782019, 0.01290599290895, 0.01014149496149], [0.10717968815242, 0.68624998665579, 0.18863629494634, 0.01374203156737, 0.00419199867809], [0.10012052515744, 0.69066346559003, 0.16334048912048, 0.03661805159163, 0.00925746854042], [0.24660996421065, 0.60970431607149, 0.12082555270423, 0.01559309685774, 0.00726707015588], [0.14459597435489, 0.63442463714949, 0.20261973254838, 0.01157963610759, 0.00678001983965], [0.26930818038821, 0.53193444338466, 0.17579346578752, 0.01205046935139, 0.01091344108822], [0.37916767291249, 0.44112949026761, 0.1477671918245, 0.01608422377809, 0.0158514212173], [0.25767615288273, 0.59695497888387, 0.12836798955288, 0.00759483165924, 0.00940604702127], [0.22105389086155, 0.56820522413058, 0.18045765480102, 0.01646292927845, 0.0138203009284], [0.22105389086155, 0.56820522413058, 0.18045765480102, 0.01646292927845, 0.0138203009284], [0.10246397546026, 0.80056458309398, 0.07865676565343, 0.01422906202031, 0.00408561377201], [0.05962303101319, 0.42725155586682, 0.26769799992113, 0.21884987508219, 0.02657753811666], [0.0698777335387, 0.42336026368866, 0.38993545310973, 0.0940099549134, 0.02281659474952], [0.14791912435496, 0.66093091464528, 0.16162179950581, 0.02007057987557, 0.00945758161837], [0.11793391346991, 0.67761347584051, 0.17593094832776, 0.02193149657172, 0.0065901657901], [0.16176867623053, 0.65362503834446, 0.16904919279927, 0.01050110043822, 0.00505599218751], [0.24827438023828, 0.60690867117631, 0.10382679499873, 0.0196481785634, 0.02134197502328], [0.12102972845231, 0.77056035553786, 0.09486329559357, 0.00987738980596, 0.0036692306103], [0.57711477397123, 0.3552451410428, 0.05996799652251, 0.00172878607194, 0.00594330239153], [0.13592831703059, 0.75695918032752, 0.09401476449984, 0.00970833163862, 0.00338940650344], [0.68505739085017, 0.25721804127578, 0.04356442185533, 0.00299533386435, 0.01116481215437], [0.09182683412776, 0.66215210586606, 0.20541007117842, 0.03298089903946, 0.0076300897883], [0.30345420002365, 0.5385199437484, 0.14139354959519, 0.0088097312677, 0.00782257536505], [0.18361005304174, 0.66077720397785, 0.12704727500813, 0.02120353733682, 0.00736193063546], [0.23297851027145, 0.63381768152718, 0.1124520988766, 0.01023482177822, 0.01051688754655], [0.43213167888521, 0.4577430087975, 0.08061123802678, 0.0105027486994, 0.01901132559111], [0.38405733973723, 0.47772140704619, 0.11390718637059, 0.00919913043412, 0.01511493641187], [0.38405733973723, 0.47772140704619, 0.11390718637059, 0.00919913043412, 0.01511493641187], [0.14120967914938, 0.67224459206927, 0.14912187852059, 0.02495237000647, 0.0124714802543], [0.15461852039466, 0.60529388577511, 0.20317607843793, 0.02746560570624, 0.00944590968606], [0.20801175015395, 0.61460660683087, 0.15690528020866, 0.01164804428361, 0.0088283185229], [0.30046672820371, 0.56208582777786, 0.11418803726086, 0.01150027357268, 0.01175913318489]], "Ho": [], "Colombia": [], "Lebanon": [[0.09125066637433, 0.44650307390698, 0.25937816190963, 0.15582566784597, 0.04704242996309], [0.11662679426634, 0.56648896127854, 0.19115677605489, 0.09237227063511, 0.03335519776512], [0.04989963650315, 0.29317380080484, 0.43433452745349, 0.18375149233038, 0.03884054290814], [0.08954371544729, 0.63414793662263, 0.24499441290431, 0.02426037053682, 0.00705356448896], [0.04102559690917, 0.2465292928676, 0.47896107970388, 0.19671791256638, 0.03676611795297], [0.23662391949396, 0.6297380998056, 0.11527339957097, 0.00914725197175, 0.00921732915771]], "Donald": [[0.08730321994499, 0.41905639601381, 0.26234925048549, 0.18183003074749, 0.04946110280822], [0.26517446131198, 0.65750890380771, 0.04947611105757, 0.01741211036879, 0.01042841345394], [0.04041754857435, 0.35371238765702, 0.52380236965917, 0.0684460129422, 0.01362168116727], [0.08898485471744, 0.57657326807211, 0.31095391248829, 0.0169192464552, 0.00656871826696], [0.01418964687179, 0.09629276641723, 0.65583732083152, 0.20828358055088, 0.02539668532858], [0.15977598673374, 0.64982694040605, 0.15347130599542, 0.02364904216198, 0.01327672470282], [0.34050337225476, 0.44590834854766, 0.1891848233369, 0.01500197624717, 0.00940147961351], [0.02763521099072, 0.32501418194576, 0.59914190783606, 0.04306014812485, 0.00514855110261], [0.03830876856934, 0.37862820533745, 0.52566306744874, 0.04983654379147, 0.00756341485299], [0.03830876856934, 0.37862820533745, 0.52566306744874, 0.04983654379147, 0.00756341485299], [0.01514095513241, 0.13773311396412, 0.75059365522522, 0.08665908699059, 0.00987318868766], [0.01514095513241, 0.13773311396412, 0.75059365522522, 0.08665908699059, 0.00987318868766], [0.14712032910682, 0.61749326811132, 0.18983487160381, 0.02971300984236, 0.01583852133569], [0.37102292606298, 0.32434069851419, 0.26798676205757, 0.0194437290384, 0.01720588432687]], "Stalin": [[0.08743847840156, 0.75009608680645, 0.14075790361371, 0.01782788332011, 0.00387964785818], [0.33689394852152, 0.40456713967097, 0.23332909755553, 0.01507289413173, 0.01013692012025], [0.22907864132768, 0.5228363696309, 0.22099746449808, 0.01609595301203, 0.01099157153131], [0.13873552402788, 0.58099210101777, 0.20560164600512, 0.05483397055113, 0.01983675839809], [0.36977765887009, 0.45263058799691, 0.15203749350496, 0.01231434541054, 0.01323991421749], [0.15263190711022, 0.64847841934644, 0.17421954525133, 0.0169789191373, 0.00769120915472], [0.34381764703918, 0.5490573508155, 0.07368637312743, 0.01416202504029, 0.0192766039776], [0.24045640708573, 0.65833891329614, 0.07001150292065, 0.02188243633703, 0.00931074036046], [0.10731714716728, 0.70608497747796, 0.13970975162953, 0.03618784784888, 0.01070027587635], [0.26511735195612, 0.45315737496743, 0.2626578945897, 0.01003052147748, 0.00903685700927], [0.23383605558921, 0.56617397816636, 0.16986356643941, 0.01788895969879, 0.01223744010623], [0.15286743186261, 0.29951145945194, 0.2139809231992, 0.21157644219461, 0.12206374329164], [0.40323667834454, 0.43245427113485, 0.14174380486134, 0.01142581025859, 0.01113943540068], [0.10327857856768, 0.54567696845924, 0.23202570214716, 0.09009140071412, 0.0289273501118], [0.20580230937982, 0.51074083209256, 0.09293191471605, 0.10466305849723, 0.08586188531435], [0.12455655595533, 0.64113142080438, 0.20349596767772, 0.02280417519125, 0.00801188037132], [0.5085023906077, 0.33792666107365, 0.11670748588392, 0.01884218599738, 0.01802127643735], [0.24660996421065, 0.60970431607149, 0.12082555270423, 0.01559309685774, 0.00726707015588], [0.18723832133051, 0.665231492202, 0.13090533478176, 0.01039126130328, 0.00623359038244], [0.28073855664021, 0.59200547679618, 0.10021513028222, 0.01207025197578, 0.01497058430562], [0.25767615288273, 0.59695497888387, 0.12836798955288, 0.00759483165924, 0.00940604702127], [0.18336561166711, 0.59171712628304, 0.18365523528119, 0.0263847115709, 0.01487731519776], [0.22808663133925, 0.62375736720614, 0.1356920372809, 0.00652671496824, 0.00593724920547], [0.07665557365694, 0.28621808441398, 0.56583086646826, 0.05660055330148, 0.01469492215934], [0.17549119374384, 0.64952402453943, 0.1562606478383, 0.01128177497768, 0.00744235890075], [0.10070480562575, 0.61868028582632, 0.24062008643928, 0.0306840385599, 0.00931078354875], [0.24646600073264, 0.57411070138702, 0.15187071154623, 0.01807461152754, 0.00947797480658], [0.08549960557916, 0.46190003591483, 0.40812289024149, 0.03126778577614, 0.01320968248838], [0.14958466398255, 0.63980125282418, 0.15804658963518, 0.0294654408493, 0.02310205270878], [0.10813401894685, 0.43749974933851, 0.33952571080731, 0.08878070093028, 0.02605981997705], [0.26894359564089, 0.55565862139338, 0.14225225750322, 0.01941823881009, 0.01372728665242], [0.51959095313606, 0.44563314390123, 0.02727909147289, 0.0015844055474, 0.00591240594242], [0.09281114107922, 0.61031316830617, 0.25280646722859, 0.0331591384286, 0.01091008495742], [0.23042417115018, 0.57127863381172, 0.17518282082514, 0.0149882304207, 0.00812614379225], [0.10421878786545, 0.52423988354263, 0.28652858268755, 0.06160374969072, 0.02340899621366], [0.28378590537779, 0.55382955516787, 0.13435411309012, 0.01390111589243, 0.0141293104718], [0.28378590537779, 0.55382955516787, 0.13435411309012, 0.01390111589243, 0.0141293104718], [0.09076931763523, 0.51564983017216, 0.32659464769693, 0.05012675782602, 0.01685944666966], [0.37806340023204, 0.50293551909602, 0.09275756216913, 0.00947043658588, 0.01677308191694], [0.110831928443, 0.57223421172657, 0.26929029407198, 0.03475983068051, 0.01288373507794], [0.21336201058126, 0.62317137319007, 0.13729053597469, 0.01920820445285, 0.00696787580112], [0.42534363521658, 0.46947052690185, 0.09121631349893, 0.00418026649252, 0.00978925789012], [0.16423803369437, 0.65624708391619, 0.13935088849213, 0.02570369618542, 0.0144602977119], [0.31746505350559, 0.60253594290928, 0.05752735448561, 0.00807314024101, 0.01439850885852], [0.23297851027145, 0.63381768152718, 0.1124520988766, 0.01023482177822, 0.01051688754655], [0.08993244799238, 0.28481316266648, 0.55470663695707, 0.05532936011951, 0.01521839226456], [0.08993244799238, 0.28481316266648, 0.55470663695707, 0.05532936011951, 0.01521839226456], [0.13818457878674, 0.81712218494473, 0.03718118751144, 0.00512221925998, 0.00238982949711], [0.41581218367263, 0.52082285086581, 0.05630596415198, 0.00209699921744, 0.00496200209214], [0.32568147311282, 0.55888559723596, 0.09519130170833, 0.00860239860232, 0.01163922934057], [0.1008206377779, 0.62153496740302, 0.22266360848319, 0.04489052973781, 0.01009025659808], [0.23846541202978, 0.57482008250666, 0.16659431939614, 0.01146783499966, 0.00865235106776], [0.22084628964658, 0.55191112681632, 0.21116172885438, 0.01013874389315, 0.00594211078958], [0.22084628964658, 0.55191112681632, 0.21116172885438, 0.01013874389315, 0.00594211078958], [0.07973333691875, 0.46738522427379, 0.3088737347578, 0.11281936803387, 0.03118833601579], [0.09227772445592, 0.74439343577683, 0.14680243093594, 0.01332547951182, 0.00320092931949], [0.09227772445592, 0.74439343577683, 0.14680243093594, 0.01332547951182, 0.00320092931949], [0.09227772445592, 0.74439343577683, 0.14680243093594, 0.01332547951182, 0.00320092931949], [0.04662602369305, 0.28073630807375, 0.52518297635634, 0.12638164071561, 0.02107305116124], [0.15992034615677, 0.66351875088523, 0.1513393690298, 0.01631786384334, 0.00890367008486], [0.29247572380814, 0.57217456223133, 0.11338924068192, 0.00970408107897, 0.01225639219963], [0.30871506858893, 0.50246048878163, 0.15993768809242, 0.01533441826922, 0.01355233626781], [0.07067705512549, 0.70643223052119, 0.18858315131263, 0.02891468185259, 0.0053928811881], [0.14013792832868, 0.59956759061505, 0.23311033961887, 0.01926457021517, 0.00791957122223], [0.22497915145752, 0.58387891206628, 0.1748497707092, 0.00921360842097, 0.00707855734603], [0.326287958333, 0.50167956542536, 0.15111943514856, 0.00974072774919, 0.01117231334389], [0.28594208663437, 0.57356451821393, 0.10878711327252, 0.0146513135, 0.01705496837919], [0.34636120932608, 0.50439200975328, 0.11164910244016, 0.0169904131295, 0.02060726535098], [0.22208082864227, 0.61118460998695, 0.11257959350404, 0.02994773175369, 0.02420723611305], [0.12640591590706, 0.69303933182548, 0.11275288794031, 0.05367603362241, 0.01412583070474], [0.17142987753111, 0.55168750359503, 0.221510344557, 0.03958567819066, 0.0157865961262], [0.20801175015395, 0.61460660683087, 0.15690528020866, 0.01164804428361, 0.0088283185229], [0.22854365197619, 0.58067721719682, 0.16154002698027, 0.01679818160229, 0.01244092224443], [0.22854365197619, 0.58067721719682, 0.16154002698027, 0.01679818160229, 0.01244092224443], [0.25565016787724, 0.56626305455951, 0.15695995384977, 0.01149220702641, 0.00963461668706], [0.33777568758448, 0.52430563924911, 0.11198984614298, 0.01349290797498, 0.01243591904845], [0.08024945324923, 0.71920636163105, 0.17217434660989, 0.02413890909836, 0.00423092941147], [0.12008578020174, 0.62565654240592, 0.21572319499623, 0.03167996375895, 0.00685451863715], [0.14292214259608, 0.59780711487245, 0.23021118224487, 0.02100821753792, 0.00805134274868], [0.54979102103495, 0.3505055790724, 0.07882889344543, 0.00514052828239, 0.01573397816483]], "Clinton": [[0.17710150826788, 0.59618448790586, 0.19693492346017, 0.02287579798985, 0.00690328237624], [0.04733365343822, 0.27385973821789, 0.37527023475744, 0.25838071356634, 0.04515566002011], [0.30955234863952, 0.48884373951577, 0.15784393141612, 0.02670451585123, 0.01705546457735], [0.30955234863952, 0.48884373951577, 0.15784393141612, 0.02670451585123, 0.01705546457735], [0.15012238170463, 0.56128929259891, 0.22017687387371, 0.05383383844753, 0.01457761337521], [0.10754142421793, 0.72262528740899, 0.14222073037193, 0.02120097476024, 0.00641158324091], [0.09769509347527, 0.72898590316993, 0.12092754807031, 0.04305666490712, 0.00933479037737], [0.08195367512642, 0.28903144019052, 0.5528705943375, 0.05984114575853, 0.01630314458702], [0.16116153327993, 0.55504351680767, 0.23435535156467, 0.03368309257254, 0.01575650577518], [0.38511977104739, 0.27433693971307, 0.32442419639294, 0.00876314235297, 0.00735595049363], [0.38511977104739, 0.27433693971307, 0.32442419639294, 0.00876314235297, 0.00735595049363], [0.09686386710578, 0.28953346368783, 0.21403618357043, 0.29446395512969, 0.10510253050626], [0.07388248756422, 0.24287159950056, 0.17911910834143, 0.38362324984479, 0.120503554749], [0.19060804009989, 0.61295884797411, 0.16311620629499, 0.02172865450827, 0.01158825112275], [0.11073888866824, 0.71950678678916, 0.11691937251068, 0.04235415019149, 0.01048080184044], [0.27121455606885, 0.58361227718498, 0.10012093881185, 0.02224944353386, 0.02280278440046], [0.48208602211292, 0.43066179336164, 0.0569236429297, 0.00714576524595, 0.02318277634979], [0.15905249953196, 0.61155126230424, 0.19503356897551, 0.02291126921646, 0.01145139997182], [0.65673062354107, 0.26478635836328, 0.05683353990292, 0.00331181927398, 0.01833765891875], [0.21703109047658, 0.47633192582684, 0.22876847070733, 0.04456087637533, 0.03330763661391], [0.39088999951727, 0.47610754472969, 0.0699221764989, 0.0335586392858, 0.02952163996835], [0.38612777556298, 0.49014798078757, 0.10407549908613, 0.00734084507805, 0.01230789948527], [0.05691126246371, 0.36908742154135, 0.40930972847223, 0.1360489522719, 0.02864263525081], [0.15240699366075, 0.64675179746683, 0.18937943371639, 0.00737914875671, 0.00408262639932], [0.15240699366075, 0.64675179746683, 0.18937943371639, 0.00737914875671, 0.00408262639932], [0.24008508965982, 0.61033076276888, 0.12595272068126, 0.0144333942834, 0.00919803260663], [0.02565407319344, 0.1307199558801, 0.36433914890444, 0.41994790484488, 0.05933891717714], [0.13884699778406, 0.7318323141922, 0.10914165786173, 0.01587770417447, 0.00430132598754], [0.10923389600671, 0.63610398993436, 0.23974843530554, 0.01078966315825, 0.00412401559514], [0.06648231739302, 0.42830017654688, 0.38283694570019, 0.10068599418322, 0.02169456617669], [0.17781490615798, 0.58451529934636, 0.20468250820504, 0.02081347660301, 0.0121738096876], [0.04895724270825, 0.13338095265008, 0.17122635028711, 0.47486062978253, 0.17157482457204], [0.16323684821668, 0.49798371776151, 0.23982212711544, 0.06143980466242, 0.03751750224395], [0.19108014358946, 0.64027181373434, 0.13980113980792, 0.01795686670061, 0.01089003616766], [0.11417210897555, 0.64653587049597, 0.21133056487252, 0.02081863520392, 0.00714282045204], [0.09807070536219, 0.60394901815576, 0.2719696368725, 0.01852724302424, 0.00748339658531], [0.4713607611943, 0.4251932403662, 0.08507679684976, 0.00613480968092, 0.01223439190882]], "Heinrich": [[0.08002808976546, 0.28639242235374, 0.21433213435311, 0.30082798157508, 0.11841937195261], [0.08652056441225, 0.40384411606114, 0.21843536145808, 0.2508321619075, 0.04036779616103], [0.37839957198731, 0.38500675170984, 0.21064669649007, 0.01616892254074, 0.00977805727204], [0.15121297764382, 0.62700500343383, 0.19729720868493, 0.01765823604407, 0.00682657419335], [0.17950236364008, 0.72638350298641, 0.07269141716138, 0.01486518565525, 0.00655753055688], [0.31809907400526, 0.52650604314623, 0.11695128040257, 0.01683782528394, 0.02160577716201], [0.33353227609336, 0.50759738758872, 0.13112627677968, 0.01236753030106, 0.01537652923718], [0.27662558753886, 0.50738582747142, 0.16035558143288, 0.03065015131215, 0.02498285224469], [0.56671836229413, 0.36425040447392, 0.05396254374087, 0.00355127523349, 0.01151741425759], [0.23376363715564, 0.56769370262177, 0.15666077993129, 0.02840903611122, 0.01347284418008], [0.27255597796938, 0.56967586194737, 0.14448053203712, 0.00677240356158, 0.00651522448454], [0.05916726881394, 0.33023465885165, 0.43598665160376, 0.14332176856104, 0.03128965216962]], "American": [[0.18466668468378, 0.65974766228946, 0.13230753795515, 0.01702573990236, 0.00625237516925], [0.3396960730328, 0.48604070290208, 0.15030901425029, 0.01141129030539, 0.01254291950943], [0.15642969411055, 0.60633359608174, 0.17634094689279, 0.04357292928825, 0.01732283362668], [0.3408079121571, 0.47572842103351, 0.12490702575515, 0.03081524186374, 0.0277413991905], [0.07414298933885, 0.24253807335787, 0.60555901055811, 0.06267084353213, 0.01508908321304]], "Pacific": [], "Hitler": [[0.49949477147519, 0.39015358217611, 0.09345005054802, 0.00527522320321, 0.01162637259747], [0.18063796740818, 0.55349777029774, 0.20672162358783, 0.03857657815005, 0.02056606055619], [0.09033256027612, 0.47304205632726, 0.31351751213514, 0.09552804131334, 0.02757982994814], [0.35999718669495, 0.44802830193734, 0.15982521196072, 0.01425845837773, 0.01789084102927], [0.16700544802643, 0.66032927503282, 0.1578905574634, 0.01041636611582, 0.00435835336154], [0.13538652243752, 0.22992774351979, 0.59276124784651, 0.03143614250167, 0.01048834369451], [0.34995665223562, 0.57775415053213, 0.05961629180965, 0.00428313530424, 0.00838977011837], [0.14725680867903, 0.53416896846456, 0.16331015356104, 0.10685199413744, 0.04841207515793], [0.35336797007863, 0.56546858683119, 0.06450385043934, 0.00564623105843, 0.0110133615924], [0.12720825617415, 0.66918065798457, 0.15317244599632, 0.0384730762127, 0.01196556363226], [0.07443695836899, 0.47948947541523, 0.40437712603804, 0.03590205544016, 0.00579438473757], [0.23348544766548, 0.52760663646716, 0.15947028627223, 0.04456936621649, 0.03486826337864], [0.07381848312455, 0.25264490584917, 0.22808130288809, 0.31733954488499, 0.12811576325319], [0.07381848312455, 0.25264490584917, 0.22808130288809, 0.31733954488499, 0.12811576325319], [0.30289823201786, 0.47680320164348, 0.2001669463411, 0.0117752814176, 0.00835633857996], [0.38573988078834, 0.45353246487756, 0.13499570445234, 0.01077514487225, 0.01495680500951], [0.38573988078834, 0.45353246487756, 0.13499570445234, 0.01077514487225, 0.01495680500951], [0.27521451386529, 0.54156025804473, 0.14812708812907, 0.0190649751234, 0.01603316483751], [0.27521451386529, 0.54156025804473, 0.14812708812907, 0.0190649751234, 0.01603316483751], [0.21558087954342, 0.67780094591493, 0.08739991779343, 0.01296302163517, 0.00625523511304], [0.67002211340372, 0.28776933792189, 0.03427284796211, 0.0011926180793, 0.00674308263298], [0.2349248561218, 0.57015699878525, 0.14112160748839, 0.02947802237945, 0.02431851522511], [0.16133980273421, 0.59499810609161, 0.13655176007902, 0.07253461954003, 0.03457571155513], [0.16411663875625, 0.55098523739475, 0.23731743992957, 0.03194288493453, 0.0156377989849], [0.49665049985799, 0.42324546543123, 0.05933225311447, 0.00533783497158, 0.01543394662473], [0.26599716108714, 0.54158687304214, 0.17355383376097, 0.01060289803294, 0.00825923407682], [0.19697783453253, 0.67690511371199, 0.1118205197764, 0.01021359212149, 0.00408293985759], [0.19841588800939, 0.56832079825126, 0.20887463283182, 0.01824426770801, 0.00614441319952], [0.5170414311116, 0.40125973364784, 0.06303524119538, 0.0043916633836, 0.01427193066158], [0.5407945347948, 0.37751116460432, 0.05647686136595, 0.00589225546168, 0.01932518377324], [0.83265487520775, 0.1430214529436, 0.01753240380441, 0.00055949694192, 0.00623177110231], [0.08002808976546, 0.28639242235374, 0.21433213435311, 0.30082798157508, 0.11841937195261], [0.1363856759943, 0.62438956592715, 0.21475414150618, 0.01974632764686, 0.0047242889255], [0.30408008548799, 0.42659341571145, 0.24105332007484, 0.01863813505144, 0.00963504367428], [0.14775365416866, 0.71004934168255, 0.12500043741293, 0.01167457609152, 0.00552199064433], [0.37138121385977, 0.45959290127204, 0.13130165134626, 0.0167492758629, 0.02097495765904], [0.1345380504953, 0.6233015167937, 0.16342792867757, 0.05837082170867, 0.02036168232477], [0.50444673932422, 0.35278956941789, 0.11750784996127, 0.00806212364279, 0.01719371765383], [0.50444673932422, 0.35278956941789, 0.11750784996127, 0.00806212364279, 0.01719371765383], [0.6136532496429, 0.32330508735723, 0.04634064422747, 0.00318549942666, 0.01351551934575], [0.45478956702293, 0.50744363115331, 0.02632948972813, 0.00502231720649, 0.00641499488914], [0.18074629141936, 0.62073957537097, 0.16318087278198, 0.02055733631552, 0.01477592411218], [0.27044597713423, 0.56457346005169, 0.09886437043764, 0.02921993910021, 0.03689625327624], [0.23009121479912, 0.55793306497451, 0.1662549630514, 0.02453407250942, 0.02118668466555], [0.05973441282382, 0.1379926685585, 0.13261152884416, 0.42743281862448, 0.24222857114904], [0.18968429146934, 0.61198056893643, 0.17585729461439, 0.01349491169645, 0.00898293328339], [0.11095753265614, 0.5938716740398, 0.22980389447543, 0.05112678168563, 0.01424011714301], [0.07258975680677, 0.3104820286492, 0.1958175084486, 0.35186473321118, 0.06924597288424], [0.18825706508776, 0.58973698755209, 0.18170612366936, 0.02572434182208, 0.01457548186872], [0.37194169340564, 0.39601060030497, 0.20523258701242, 0.01668316180466, 0.01013195747232], [0.37194169340564, 0.39601060030497, 0.20523258701242, 0.01668316180466, 0.01013195747232], [0.18868608212587, 0.56357427250114, 0.16670836853082, 0.05013668158557, 0.0308945952566], [0.12963684035356, 0.50931867588297, 0.2168020940189, 0.10771375784184, 0.03652863190272], [0.21920060494184, 0.63156371170991, 0.13788466814974, 0.0067321517555, 0.00461886344301], [0.21283472943466, 0.60697627478465, 0.15787770246587, 0.01243380553324, 0.00987748778158], [0.21283472943466, 0.60697627478465, 0.15787770246587, 0.01243380553324, 0.00987748778158], [0.09293773155351, 0.47888375545088, 0.29479877207254, 0.10065223730378, 0.03272750361929], [0.13084426525464, 0.61323919875957, 0.18265093566943, 0.05938625074239, 0.01387934957396], [0.43821190563302, 0.45912018803367, 0.09266551195398, 0.00347360973465, 0.00652878464468], [0.43821190563302, 0.45912018803367, 0.09266551195398, 0.00347360973465, 0.00652878464468], [0.52437213705362, 0.40037282795488, 0.05718644399888, 0.00449175442743, 0.01357683656519], [0.22158553958922, 0.57637101558457, 0.16289946302603, 0.02308886729246, 0.01605511450772], [0.25384535283029, 0.55290918454986, 0.15493535092282, 0.02371923188923, 0.01459087980779], [0.21405934303521, 0.5377806898947, 0.20819735714226, 0.02534605414044, 0.01461655578739], [0.12124853601368, 0.66384850058107, 0.15187663043382, 0.04800252106816, 0.01502381190328], [0.12124853601368, 0.66384850058107, 0.15187663043382, 0.04800252106816, 0.01502381190328], [0.36010315676397, 0.49324008020916, 0.12050709191121, 0.01091610230041, 0.01523356881525], [0.36010315676397, 0.49324008020916, 0.12050709191121, 0.01091610230041, 0.01523356881525], [0.36010315676397, 0.49324008020916, 0.12050709191121, 0.01091610230041, 0.01523356881525], [0.32541186635951, 0.50610731089285, 0.14011051038334, 0.01261984264026, 0.01575046972403], [0.41511718718648, 0.39789743196351, 0.13725201925004, 0.02320318637724, 0.02653017522272], [0.41511718718648, 0.39789743196351, 0.13725201925004, 0.02320318637724, 0.02653017522272], [0.41511718718648, 0.39789743196351, 0.13725201925004, 0.02320318637724, 0.02653017522272], [0.03278501172322, 0.25543678456759, 0.62579847755919, 0.07633540678649, 0.00964431936351], [0.1651484086283, 0.61911206220607, 0.18359542584569, 0.02319231706648, 0.00895178625345], [0.33909807672382, 0.51299635508723, 0.12626995013898, 0.01148358709965, 0.01015203095032], [0.02645063173611, 0.09354995016627, 0.15078114549169, 0.64443130503601, 0.08478696756992], [0.25527988893564, 0.68509331852017, 0.04243872777819, 0.00784293459283, 0.00934513017316], [0.21296654463091, 0.65167621017403, 0.11207510909891, 0.01257254976113, 0.01070958633503], [0.15906015992329, 0.71282679869155, 0.10899778703673, 0.01333546360956, 0.00577979073886], [0.69673474104117, 0.25100522581614, 0.03471579628279, 0.00275792270539, 0.01478631415451], [0.69673474104117, 0.25100522581614, 0.03471579628279, 0.00275792270539, 0.01478631415451], [0.30372519789713, 0.46996050672119, 0.18269420116069, 0.02273206647564, 0.02088802774535], [0.27227044750024, 0.55313370099614, 0.15783782357844, 0.00892878453627, 0.00782924338892], [0.33921765369551, 0.47451576178244, 0.13931125312873, 0.02617088231632, 0.02078444907699], [0.08840050025778, 0.60541656494734, 0.27351208000731, 0.02414569885492, 0.00852515593265], [0.48687945200573, 0.37390825958513, 0.09707197559872, 0.01698284788198, 0.02515746492843], [0.48687945200573, 0.37390825958513, 0.09707197559872, 0.01698284788198, 0.02515746492843], [0.48687945200573, 0.37390825958513, 0.09707197559872, 0.01698284788198, 0.02515746492843], [0.48687945200573, 0.37390825958513, 0.09707197559872, 0.01698284788198, 0.02515746492843], [0.03835072311797, 0.10216497271594, 0.13088118882572, 0.52659869687954, 0.20200441846083], [0.11717929772996, 0.57609711484258, 0.25720399815109, 0.03644976308881, 0.01306982618754], [0.15937460153577, 0.59525696043289, 0.17596179597413, 0.0427027481484, 0.02670389390882], [0.14986954218954, 0.62791125239447, 0.19548368124496, 0.01903199613832, 0.0077035280327], [0.21099528027818, 0.57094387867796, 0.17176753143792, 0.03023121500577, 0.01606209460017], [0.48057201440411, 0.39774600244592, 0.09982549297216, 0.00660455929121, 0.01525193088661], [0.48057201440411, 0.39774600244592, 0.09982549297216, 0.00660455929121, 0.01525193088661], [0.05762430883052, 0.13757381211979, 0.12266839580923, 0.44952329265712, 0.23261019058334], [0.3510634016708, 0.48586192293155, 0.13980441621515, 0.01178088261363, 0.01148937656888], [0.26719778195537, 0.51909713170321, 0.18844463793507, 0.01409509659538, 0.01116535181097], [0.53085129333827, 0.35980578807337, 0.08976905474424, 0.00507569898092, 0.01449816486321], [0.21706497624676, 0.49403357514113, 0.08741731369487, 0.1035153897538, 0.09796874516343], [0.44556828292775, 0.32740085596104, 0.19419694953369, 0.01908583662666, 0.01374807495085], [0.11677237253034, 0.72103670834744, 0.15487781688442, 0.00434437343927, 0.00296872879853], [0.23347599768712, 0.51417790619733, 0.20925943440201, 0.02206583247037, 0.02102082924318], [0.1105058163467, 0.54934483536719, 0.28262059965609, 0.04103823532183, 0.0164905133082], [0.23605118702864, 0.57608016891747, 0.15998980651122, 0.01656317069442, 0.01131566684824], [0.32347795832674, 0.5424111478018, 0.10213788539258, 0.01697825776952, 0.01499475070936], [0.17613948882018, 0.58365970907111, 0.16767018285854, 0.04488287484769, 0.02764774440247], [0.37693224484656, 0.48368511679035, 0.06716157531735, 0.02304717307456, 0.04917388997118], [0.15396356780373, 0.55395335445261, 0.21236423016251, 0.0511732792355, 0.02854556834564], [0.08900383936781, 0.34773337118451, 0.50002668146327, 0.04961701792933, 0.01361909005508], [0.17499436349228, 0.62657414303864, 0.17825534839886, 0.01484409586435, 0.00533204920587], [0.21179595362988, 0.52843951743884, 0.22226811349996, 0.02368427211739, 0.01381214331393], [0.79141331768768, 0.1500487360325, 0.04389359085585, 0.00207288794144, 0.01257146748253], [0.12927436160456, 0.29587635957554, 0.52269387068756, 0.03900673922288, 0.01314866890947], [0.31634638452886, 0.53955161954737, 0.11635922086361, 0.01234717700572, 0.01539559805445], [0.31091429523715, 0.57504409459182, 0.09843493038475, 0.00855384323153, 0.00705283655475], [0.25184545478419, 0.58753550048828, 0.13754238769728, 0.01238854191926, 0.01068811511099], [0.23872672413651, 0.63011224763633, 0.11369298446665, 0.01147620467661, 0.0059918390839], [0.29318757747513, 0.50527465738063, 0.1691462851233, 0.01888438238419, 0.01350709763675], [0.29318757747513, 0.50527465738063, 0.1691462851233, 0.01888438238419, 0.01350709763675], [0.18307356967632, 0.66910003533161, 0.13819240343453, 0.00545298034462, 0.00418101121293], [0.10613533132081, 0.50480659821249, 0.16427889702715, 0.17982950309019, 0.04494967034936], [0.2984866808497, 0.56159335639642, 0.10472108100683, 0.01837365291873, 0.01682522882832], [0.2984866808497, 0.56159335639642, 0.10472108100683, 0.01837365291873, 0.01682522882832], [0.14118908943759, 0.59416982310114, 0.23527558332752, 0.02094983773587, 0.00841566639787], [0.11354156129961, 0.53148646995989, 0.27617235047197, 0.05814582650482, 0.02065379176371], [0.14297550655176, 0.56758609180785, 0.17977167147827, 0.07489855048187, 0.03476817968024], [0.3116857658707, 0.48904563658972, 0.18005277298809, 0.01231415183681, 0.00690167271467], [0.46429961641657, 0.47307230335164, 0.05663655533014, 0.00166905105206, 0.00432247384959], [0.52521163110305, 0.38473472327838, 0.06015558407896, 0.00840707881223, 0.02149098272737], [0.20255301475442, 0.63710587618395, 0.14752149259109, 0.00855991722666, 0.00425969924387], [0.13916599187826, 0.32315272375903, 0.4947802928754, 0.03152972156664, 0.01137126992067], [0.3256457523512, 0.52787243013194, 0.12274186795917, 0.01253914595096, 0.01120080360672], [0.07773808603319, 0.23224673800953, 0.17212871329885, 0.36538613393817, 0.15250032872026], [0.13399493993421, 0.70119411362806, 0.11915079087224, 0.03358622213923, 0.01207393342627], [0.26066347159603, 0.59430369569929, 0.12479907006086, 0.00983362726723, 0.01040013537659], [0.23991697386811, 0.52865099781955, 0.21764199158127, 0.00888266942803, 0.00490736730305], [0.19614349032924, 0.47038597919885, 0.11312861796414, 0.13187090049424, 0.08847101201353], [0.18075895802625, 0.68975846478373, 0.10375021748825, 0.01677625211956, 0.00895610758221], [0.08695058676313, 0.47577605203475, 0.3734430525406, 0.04751902025197, 0.01631128840956], [0.11467077796355, 0.53713384831437, 0.2592462071222, 0.05861677919597, 0.03033238740391], [0.22258361826541, 0.55127745079236, 0.17802308360322, 0.02607691644234, 0.02203893089667], [0.2711465639709, 0.50192872540746, 0.18136390213121, 0.02341940350553, 0.0221414049849], [0.2711465639709, 0.50192872540746, 0.18136390213121, 0.02341940350553, 0.0221414049849], [0.27606370188715, 0.58809889351785, 0.10492806768479, 0.01440523905935, 0.01650409785086], [0.16671564526044, 0.59594550864171, 0.16239294642669, 0.04724355834907, 0.02770234132208], [0.19948067513446, 0.49537877012768, 0.22608714065892, 0.04812751579962, 0.03092589827932], [0.3262532079954, 0.48828231227359, 0.14595035855849, 0.01854385457437, 0.02097026659815], [0.4515669753117, 0.45633857198367, 0.07512336735372, 0.00496920091313, 0.01200188443779], [0.4515669753117, 0.45633857198367, 0.07512336735372, 0.00496920091313, 0.01200188443779], [0.02983072310656, 0.05713657011183, 0.08014346402627, 0.50502684040232, 0.32786240235303], [0.23075366826648, 0.6724420605858, 0.08044411393876, 0.0104203050316, 0.00593985217736], [0.18242869657859, 0.57687112597406, 0.2180921969735, 0.01431816119972, 0.00828981927412], [0.50057857452874, 0.33712795187276, 0.1330870898326, 0.01037807304972, 0.01882831071617], [0.50057857452874, 0.33712795187276, 0.1330870898326, 0.01037807304972, 0.01882831071617], [0.15185301968955, 0.60911228956537, 0.19973464206267, 0.02657270082674, 0.01272734785567], [0.28756706298404, 0.61003307844826, 0.07026206873757, 0.01309214336613, 0.019045646464], [0.15762136079688, 0.24219963250128, 0.11059007045066, 0.24477098421885, 0.24481795203232], [0.33498175672529, 0.49623351361967, 0.13372295882394, 0.0149881204137, 0.0200736504174], [0.27500307832001, 0.57772844334976, 0.11740209827193, 0.01408057849605, 0.01578580156225], [0.05945068357039, 0.49500943854012, 0.41664627182745, 0.02383539588923, 0.0050582101728], [0.57473977673988, 0.33683566893997, 0.05320463657988, 0.00830655756731, 0.02691336017296], [0.40707793394048, 0.52586963640947, 0.0557925072825, 0.00329941819669, 0.00796050417086], [0.10947468352116, 0.15676932475278, 0.05544507263254, 0.33405348293637, 0.34425743615715], [0.18194606958528, 0.55658061153939, 0.19340104180779, 0.03997498373972, 0.02809729332783], [0.13964681351225, 0.5376643520895, 0.23396399730434, 0.06981320356199, 0.01891163353192], [0.21402818332236, 0.53049751220512, 0.19626611403922, 0.03357898036833, 0.02562921006497], [0.29511082246066, 0.56971690730094, 0.09142396066519, 0.0204969051651, 0.0232514044081], [0.11777815735367, 0.20839765086899, 0.06308891328808, 0.32511495501141, 0.28562032347785], [0.43224208524803, 0.40204298211985, 0.13387673815, 0.01542457328482, 0.0164136211973], [0.28835115420793, 0.59999060677075, 0.09426624121483, 0.0076851384078, 0.0097068593987], [0.14611074247671, 0.66976117932568, 0.13987386579083, 0.03095438784953, 0.01329982455726], [0.0497205079718, 0.15027692428571, 0.19615348700994, 0.40420586017655, 0.199643220556], [0.15508434806193, 0.57382222343562, 0.18359481099104, 0.05921172888798, 0.02828688862343], [0.14997662276611, 0.58727013798194, 0.17708177171324, 0.05493796883586, 0.03073349870286], [0.17613545457022, 0.42365296627191, 0.17335291085652, 0.14424272927811, 0.08261593902324], [0.1952812222826, 0.62847447377958, 0.15862030098982, 0.01084931791009, 0.00677468503791], [0.16660590994797, 0.5799678335626, 0.2210468975506, 0.02065792061458, 0.01172143832425], [0.43876103265186, 0.48871234688399, 0.05349854727582, 0.00500521424889, 0.01402285893944], [0.16436522318103, 0.6891213476484, 0.07701142084907, 0.05135780185438, 0.01814420646712], [0.0748838276236, 0.21787352462038, 0.15112216694955, 0.37093949017024, 0.18518099063623], [0.20023194950235, 0.61090154098178, 0.15707442043884, 0.0194665997747, 0.01232548930233], [0.13981308756395, 0.64459261221053, 0.19903569601983, 0.01120409862172, 0.00535450558397], [0.23479425404607, 0.55873049849495, 0.16674309348506, 0.02117035406334, 0.01856179991058], [0.22952899318966, 0.5969191839491, 0.15212969496173, 0.01167918655555, 0.00974294134395], [0.21184782896843, 0.56658674405012, 0.11911656754631, 0.05513797115379, 0.04731088828134], [0.19885984070594, 0.52998802711098, 0.22411467407867, 0.03063853176654, 0.01639892633787], [0.18656151417288, 0.56457468832165, 0.18474017246547, 0.03889358756439, 0.0252300374756], [0.55267766747704, 0.33659628274016, 0.09236585251652, 0.00558208013182, 0.01277811713446], [0.56467515462028, 0.38126794258599, 0.03505760560915, 0.00356740068746, 0.01543189649711], [0.34660436835062, 0.47350548629224, 0.14211131235616, 0.02059995855025, 0.01717887445073], [0.71678716680919, 0.24934249569324, 0.02832381219138, 0.00075422807878, 0.00479229722741], [0.46834621167799, 0.47664166214039, 0.04459299223092, 0.00250717113544, 0.00791196281526], [0.0717127084445, 0.33351976638238, 0.52441314342083, 0.05627648854498, 0.01407789320731], [0.16502145856602, 0.74106787267974, 0.06850148228757, 0.01756507872635, 0.00784410774032], [0.35150694586193, 0.53663081537411, 0.0704977889466, 0.02842789659515, 0.01293655322221], [0.16070436257474, 0.6301905022428, 0.18372426588516, 0.0158906875571, 0.0094901817402], [0.15814653382854, 0.72602548787858, 0.09147316463498, 0.01779430549725, 0.00656050816065], [0.42847123015987, 0.5064739008157, 0.0563689277759, 0.00246346031435, 0.00622248093418], [0.00516459989911, 0.00618324263458, 0.01968048359316, 0.62551491031036, 0.34345676356278], [0.09247461221361, 0.67726928941796, 0.20131490940526, 0.02241992994686, 0.00652125901631], [0.51541171999848, 0.46178254180992, 0.0161659648621, 0.00172039716339, 0.00491937616611], [0.51541171999848, 0.46178254180992, 0.0161659648621, 0.00172039716339, 0.00491937616611], [0.1977090235339, 0.58340046749595, 0.19853336350701, 0.01265146930042, 0.00770567616272], [0.03204172887526, 0.25494193527417, 0.50742187103742, 0.18490415255667, 0.02069031225648], [0.20829283290362, 0.59827901957102, 0.13638490297914, 0.03272894752365, 0.02431429702257], [0.13551325949924, 0.63813670483136, 0.19814203499627, 0.01967794623851, 0.00853005443462], [0.07582376829597, 0.29851247840303, 0.56043167960329, 0.0509575592051, 0.01427451449262], [0.23010425968634, 0.57541324838902, 0.17878708956084, 0.00774697803066, 0.00794842433315], [0.12691028468452, 0.7142857175219, 0.14405230398841, 0.01035614500953, 0.00439554879564], [0.12691028468452, 0.7142857175219, 0.14405230398841, 0.01035614500953, 0.00439554879564], [0.24049638383835, 0.64414837540811, 0.10082554067679, 0.0098032233154, 0.00472647676135], [0.14689006212227, 0.56323197881264, 0.25770974459856, 0.02218426690198, 0.00998394756455], [0.14689006212227, 0.56323197881264, 0.25770974459856, 0.02218426690198, 0.00998394756455], [0.46621796450755, 0.46562180674778, 0.06015396696059, 0.00216440048473, 0.00584186129936], [0.68191571793571, 0.2427393320761, 0.05854260821848, 0.0030393317161, 0.01376301005362], [0.1959730154838, 0.66141528037973, 0.11615355315429, 0.01672858187694, 0.00972956910524], [0.3987017543567, 0.48178007959484, 0.07166422420878, 0.01783979089774, 0.03001415094193], [0.09040915458892, 0.38911129451828, 0.34200075530369, 0.15661734016541, 0.02186145542369], [0.48808096731433, 0.42194911700271, 0.07238860373378, 0.0082997844427, 0.00928152750648], [0.48808096731433, 0.42194911700271, 0.07238860373378, 0.0082997844427, 0.00928152750648], [0.55002515127506, 0.35761954323205, 0.07914475769815, 0.00307480372362, 0.01013574407112], [0.35116763222768, 0.56175761666433, 0.07387951574147, 0.00466176822195, 0.00853346714456], [0.39924131301601, 0.40614935657917, 0.16635231897937, 0.01343347828363, 0.01482353314182], [0.39924131301601, 0.40614935657917, 0.16635231897937, 0.01343347828363, 0.01482353314182], [0.25078452169205, 0.49372421289688, 0.23063869947408, 0.01643326755723, 0.00841929837976], [0.18731473371247, 0.5726868149523, 0.11982398797882, 0.07204787281373, 0.04812659054269], [0.07233293086581, 0.62642685978124, 0.22449569739941, 0.06862059166783, 0.00812392028573], [0.26587281331163, 0.58189696810585, 0.08603688600828, 0.03227519918737, 0.03391813338687], [0.33028984590431, 0.49206016176244, 0.13064893362243, 0.02426820530745, 0.02273285340337], [0.33028984590431, 0.49206016176244, 0.13064893362243, 0.02426820530745, 0.02273285340337], [0.10179327035381, 0.61752322159741, 0.26348260008201, 0.01297390366423, 0.00422700430254], [0.12226525555449, 0.60430385756507, 0.16415765191264, 0.07736046447412, 0.03191277049369], [0.07952192398322, 0.46737156298733, 0.26487583925806, 0.15795917235359, 0.0302715014178], [0.23162634682954, 0.62144283830758, 0.11043478191566, 0.01875517722582, 0.01774085572141], [0.19316355656671, 0.57292885260823, 0.17207675266171, 0.03629572028096, 0.0255351178824], [0.17950236364008, 0.72638350298641, 0.07269141716138, 0.01486518565525, 0.00655753055688], [0.18555412357257, 0.69418752418546, 0.10497210620562, 0.01110964087834, 0.00417660515801], [0.23281090150795, 0.5343596361995