{"England": [[0.12322040406092, 0.52458732532761, 0.24829463662323, 0.07483142142599, 0.02906621256225], [0.1128778870234, 0.71833892028771, 0.16041964703974, 0.00527931862619, 0.00308422702296], [0.08254352247143, 0.4913129048577, 0.41020776388373, 0.01058238557415, 0.005353423213], [0.16531925190015, 0.61206614995927, 0.19835219287651, 0.01521474437148, 0.0090476608926], [0.24539658191168, 0.52387713921053, 0.17370708192476, 0.03929226493617, 0.01772693201686]], "Ronald": [[0.07879881174166, 0.5216799979618, 0.30675221506102, 0.07615036629039, 0.01661860894513], [0.1092246553102, 0.65588632323033, 0.19895781082302, 0.02823269212142, 0.00769851851503], [0.15404883655241, 0.63020516800507, 0.19629775802624, 0.01230419642145, 0.00714404099483], [0.07484679694968, 0.43534778176376, 0.31916024034053, 0.13628170383299, 0.03436347711304], [0.22483454915554, 0.49058587849853, 0.16148493848454, 0.07216249335697, 0.05093214050441]], "Bahrain": [[0.92456654914407, 0.05823825788122, 0.00996809710474, 0.00029108381835, 0.00693601205162], [0.12240057953201, 0.6225398391629, 0.19615128066536, 0.04115986026415, 0.01774844037557], [0.20261746489915, 0.63043573681637, 0.1408489221308, 0.01448570629832, 0.01161216985536], [0.37960272121353, 0.5329021422434, 0.06395675247544, 0.00763281253614, 0.01590557153149], [0.38717292552548, 0.47320010528802, 0.12056639503601, 0.00897664546812, 0.01008392868237], [0.11160670546709, 0.67448663369449, 0.15712568159919, 0.04366084328251, 0.01312013595671]], "Kiev": [[0.1694027674528, 0.62454186857332, 0.1793215840987, 0.01855786290247, 0.0081759169727], [0.15962698355026, 0.53526989811896, 0.17819834442644, 0.09831820686737, 0.02858656703698], [0.15962698355026, 0.53526989811896, 0.17819834442644, 0.09831820686737, 0.02858656703698], [0.09392365220217, 0.2656732532819, 0.59185695672179, 0.0367272998025, 0.01181883799164], [0.08339595008639, 0.68876638411329, 0.19127562524285, 0.02994442693788, 0.00661761361959], [0.38299011103534, 0.47252292324114, 0.12358813027805, 0.01080102284483, 0.01009781260064]], "Japan": [[0.21489151505384, 0.60753320730612, 0.14101332585943, 0.02554704161286, 0.01101491016775], [0.14013921371144, 0.60691959370527, 0.20003353794918, 0.03901859726489, 0.01388905736923], [0.09260515801172, 0.6864636741486, 0.17756470936573, 0.0352131383934, 0.00815332008054], [0.0497788973878, 0.43901990849688, 0.47248936869905, 0.03203933404065, 0.00667249137561], [0.25435497610138, 0.60986179754652, 0.11504971250323, 0.00989300503094, 0.01084050881794], [0.12173521117035, 0.59184364973274, 0.24953510578831, 0.02560246309373, 0.01128357021486], [0.11264673926672, 0.68195566813988, 0.15893204176752, 0.03483087670024, 0.01163467412565], [0.0666489268603, 0.34465509411184, 0.31198028269537, 0.2297080993445, 0.04700759698799], [0.11466029836375, 0.55047418268946, 0.28248491692885, 0.04033140106097, 0.01204920095697], [0.57585731296086, 0.34828381332083, 0.06056029856662, 0.00373271100954, 0.01156586414215]], "Obama": [[0.10951532738208, 0.51061337470293, 0.29880805119783, 0.05899484380498, 0.02206840291218], [0.21439488014477, 0.61027468922376, 0.15279428089634, 0.01295369979696, 0.00958244993817], [0.02975594391073, 0.09657167667592, 0.15455505119339, 0.59196329729072, 0.12715403092924], [0.15988015904069, 0.57545163730569, 0.17733934781816, 0.06073249964469, 0.02659635619078], [0.17919239307544, 0.5333852007499, 0.23326242082336, 0.03550913823322, 0.01865084711808], [0.31641318960216, 0.45331271342171, 0.20759763180187, 0.01327342406886, 0.0094030411054], [0.2975263834314, 0.50262144403051, 0.1805926674233, 0.01093231759407, 0.00832718752071], [0.15142874481718, 0.61128352597787, 0.19429970486379, 0.02802731176458, 0.01496071257658], [0.11130580245712, 0.70480344308741, 0.15954240490903, 0.01877161799586, 0.00557673155058], [0.22141621351638, 0.63426520237713, 0.09905086616574, 0.02291382482638, 0.02235389311436], [0.07877361021135, 0.63849573563379, 0.24272063976933, 0.0330832878758, 0.00692672650974], [0.07993863869482, 0.60242218880693, 0.22916423761706, 0.07339785994676, 0.01507707493444], [0.11312863459138, 0.64428169297528, 0.20704121737383, 0.02641604973071, 0.00913240532879], [0.05790981387756, 0.267899582658, 0.34745199167163, 0.26355957906599, 0.06317903272681], [0.01915083258464, 0.11483891090539, 0.23311289183459, 0.59521344649598, 0.03768391817939], [0.1293022592575, 0.63399494740564, 0.19519369233619, 0.02913494825417, 0.0123741527465], [0.16617039846104, 0.41805688438638, 0.11802164406077, 0.17834339120162, 0.1194076818902], [0.15656839166465, 0.58683855401647, 0.2126722907562, 0.02883469917148, 0.0150860643912], [0.14822324998, 0.49522977498923, 0.24832266542331, 0.07765661550178, 0.03056769410568], [0.1898869181089, 0.49493008373807, 0.15948514589204, 0.10385095742301, 0.05184689483799], [0.11387969036889, 0.68944724826812, 0.18087769893311, 0.01169848756292, 0.00409687486696], [0.03688487412807, 0.10879963039578, 0.17318759533284, 0.5246878573271, 0.15644004281621], [0.0809533708256, 0.50372055850671, 0.30921532615106, 0.08311317833213, 0.02299756618451], [0.24779121236682, 0.59770313352502, 0.1240468657448, 0.01639183360437, 0.01406695475898], [0.02816339044002, 0.09360437131305, 0.16698274924547, 0.56988216581901, 0.14136732318245], [0.29506681620384, 0.50493052448722, 0.17357466155242, 0.01357134629297, 0.01285665146355], [0.14712974150685, 0.68182948963022, 0.12799404323868, 0.03032141000606, 0.0127253156182], [0.16705792238918, 0.6720194508276, 0.1414301957857, 0.01305445207521, 0.00643797892231], [0.09867602751645, 0.49143599520642, 0.25851910283933, 0.11383172505247, 0.03753714938534], [0.09445971171939, 0.68489128454625, 0.17580863483399, 0.03690221297064, 0.00793815592973], [0.09544885881757, 0.37957131938956, 0.30335823020402, 0.17243269407921, 0.04918889750964], [0.11088616202629, 0.60566458327304, 0.23001998365522, 0.04027558964998, 0.01315368139547], [0.11716696002006, 0.51415590656599, 0.12304091322837, 0.201789869687, 0.04384635049858], [0.09460104125948, 0.69937742611509, 0.15770865333805, 0.03877225892107, 0.00954062036631], [0.1901325278826, 0.65251288773816, 0.11369725873384, 0.0239138948615, 0.01974343078389], [0.19880224881156, 0.64843526006052, 0.13061038827765, 0.01339140891753, 0.00876069393275], [0.06378116701208, 0.25661623208848, 0.29345488949642, 0.30243217891989, 0.08371553248313], [0.39020514078018, 0.51468478451938, 0.07479173132607, 0.00662542197669, 0.01369292139768], [0.10535561378689, 0.49700369449817, 0.30316987937045, 0.06930479579453, 0.02516601654996], [0.09353072029441, 0.47581689399268, 0.2647723848997, 0.13401019782884, 0.03186980298437], [0.3988052736192, 0.50671770209359, 0.077266419667, 0.00891133770967, 0.00829926691054]], "Park": [[0.15437180927549, 0.65378127766499, 0.17018577836848, 0.01314892511394, 0.0085122095771], [0.11501913398857, 0.43826315554298, 0.23012731002391, 0.15202793074988, 0.06456246969466], [0.11501913398857, 0.43826315554298, 0.23012731002391, 0.15202793074988, 0.06456246969466], [0.11501913398857, 0.43826315554298, 0.23012731002391, 0.15202793074988, 0.06456246969466], [0.1805773303867, 0.67378546785191, 0.12238230581202, 0.01306707406859, 0.01018782188078], [0.1805773303867, 0.67378546785191, 0.12238230581202, 0.01306707406859, 0.01018782188078], [0.2564155143555, 0.6201926615188, 0.09372356340081, 0.01545465642777, 0.01421360429712], [0.16656479823146, 0.35860199860257, 0.12569159921043, 0.21399293096906, 0.13514867298649], [0.16656479823146, 0.35860199860257, 0.12569159921043, 0.21399293096906, 0.13514867298649], [0.06017091308044, 0.50468507263725, 0.33971592097675, 0.08133012300539, 0.01409797030017]], "Kenya": [[0.21439488014477, 0.61027468922376, 0.15279428089634, 0.01295369979696, 0.00958244993817], [0.19861353271193, 0.6358634127567, 0.14523822017402, 0.01339246995458, 0.00689236440278], [0.19861353271193, 0.6358634127567, 0.14523822017402, 0.01339246995458, 0.00689236440278], [0.0688103852116, 0.49076699699688, 0.38154340871858, 0.0481779813401, 0.01070122773284], [0.40329221425134, 0.5055371323635, 0.07899352895424, 0.00397480587406, 0.00820231855686]], "Denmark": [[0.04361508573561, 0.15237465948186, 0.24227578549212, 0.43666119148546, 0.12507327780495], [0.09265129131579, 0.58465827211093, 0.26070479796519, 0.04882892557244, 0.01315671303564], [0.04490143837466, 0.16179252051289, 0.24557469458881, 0.41293380369263, 0.13479754283101], [0.08810944490934, 0.45517427043257, 0.32015824839522, 0.10528663677218, 0.03127139949068], [0.00166451901445, 0.00242757765625, 0.02144960128611, 0.7809781719301, 0.19348013011309], [0.04482499005307, 0.19067693871072, 0.13342179043735, 0.56003948907154, 0.07103679172732], [0.2279447076323, 0.6262322140091, 0.12709908287006, 0.00956065486624, 0.00916334062231], [0.0651620825749, 0.50303631649306, 0.25524271111763, 0.15546818431398, 0.02109070550043], [0.0107916494085, 0.06413546392181, 0.76344081982512, 0.14780764033048, 0.01382442651409], [0.01789775395276, 0.11661639025071, 0.60011397808257, 0.24024727761204, 0.02512460010192]], "Taiwan": [[0.0822068491297, 0.32174128643683, 0.29578457022273, 0.24481777670334, 0.0554495175074], [0.16567767904596, 0.70130305189371, 0.11264188322768, 0.01127180746784, 0.00910557836481], [0.31354834850067, 0.53261312651044, 0.12844823391488, 0.01328036979572, 0.01210992127828], [0.23783016398629, 0.61505606989205, 0.12478371457582, 0.01126098755051, 0.01106906399534], [0.05032726966838, 0.26691874096967, 0.45330132987717, 0.19056613703566, 0.03888652244912]], "Armed": [[0.04715945363467, 0.36947616289168, 0.48045720644269, 0.08802408599345, 0.01488309103751], [0.22130095475661, 0.52670628045195, 0.24213252628605, 0.00600086782391, 0.00385937068148], [0.14257638897126, 0.63133694625554, 0.1708541447406, 0.03913733306001, 0.01609518697259], [0.14257638897126, 0.63133694625554, 0.1708541447406, 0.03913733306001, 0.01609518697259], [0.10051925688139, 0.58527652649725, 0.20934808315331, 0.08330678681109, 0.02154934665696], [0.10059131476774, 0.56658627186588, 0.21926706931494, 0.08608894112854, 0.02746640292289], [0.10059131476774, 0.56658627186588, 0.21926706931494, 0.08608894112854, 0.02746640292289]], "Bulgaria": [[0.10314867305332, 0.40588489932058, 0.15963604800403, 0.25567951181354, 0.07565086780853], [0.25790664743734, 0.57729058310531, 0.14615087908442, 0.01175880809505, 0.00689308227788], [0.18460527138624, 0.65735581931352, 0.14182914185261, 0.00945597162127, 0.00675379582636], [0.21672349725172, 0.68841480849876, 0.07970684051825, 0.00981740632592, 0.00533744740535], [0.19684552359114, 0.60506258842556, 0.16335016354195, 0.02207473392538, 0.01266699051597]], "Spruance": [], "Guinea": [], "Court": [[0.1776799740745, 0.40855902158615, 0.13254854002147, 0.17366254655978, 0.10754991775809], [0.38181493635486, 0.47142054114097, 0.12383904310057, 0.00980395671013, 0.01312152269346], [0.19584119029948, 0.62511409812946, 0.1540633237558, 0.01613870030963, 0.00884268750563], [0.34521680410529, 0.50528841728215, 0.1199479779759, 0.01396340630779, 0.01558339432887], [0.04693645810387, 0.32464357007107, 0.43956274454299, 0.16014024357118, 0.02871698371089], [0.04693645810387, 0.32464357007107, 0.43956274454299, 0.16014024357118, 0.02871698371089], [0.22434642170173, 0.622529192168, 0.13346473974933, 0.01129227771979, 0.00836736866114], [0.17390337864522, 0.72796244498337, 0.08889263802461, 0.00637518032876, 0.00286635801803], [0.17390337864522, 0.72796244498337, 0.08889263802461, 0.00637518032876, 0.00286635801803]], "Mussolini": [[0.14663849137795, 0.70044767805716, 0.11738282285775, 0.02526569653589, 0.01026531117125], [0.299730025429, 0.55800350710533, 0.12135642563839, 0.01018831143752, 0.01072173038976], [0.1508311909472, 0.67006163185436, 0.15347475800743, 0.0154275858291, 0.01020483336191], [0.08843153011866, 0.40512468435593, 0.22659623209874, 0.2177468877989, 0.06210066562777], [0.06160825397358, 0.49483891675811, 0.35565348768697, 0.07538732493671, 0.01251201664464], [0.06620723617718, 0.31877813873397, 0.54717918851283, 0.05427047612514, 0.01356496045088], [0.14085584898362, 0.59771759518184, 0.16031864344303, 0.07580747191772, 0.02530044047378]], "Armenia": [[0.10590915286157, 0.51834150776019, 0.19246284571124, 0.13882850601584, 0.04445798765116], [0.09865422318537, 0.67418266215232, 0.20051619868972, 0.0205059151796, 0.006141000793], [0.11288122462343, 0.55963879566772, 0.23992729523357, 0.06597206324687, 0.0215806212284], [0.39264505837407, 0.42481259474446, 0.15558194808628, 0.00923352980153, 0.01772686899366], [0.20406479520847, 0.62720314522807, 0.12372208393219, 0.02463167790881, 0.02037829772246], [0.17267591155003, 0.68940004813232, 0.10205181650304, 0.02538619028001, 0.0104860335346], [0.132758970221, 0.62946735157905, 0.18240760752794, 0.03979578787253, 0.01557028279948], [0.30550381610713, 0.57009395837724, 0.08880125212001, 0.01746501828751, 0.0181359551081], [0.10750449593512, 0.48431496244438, 0.23190798169426, 0.13251039098913, 0.04376216893712], [0.19684552359114, 0.60506258842556, 0.16335016354195, 0.02207473392538, 0.01266699051597], [0.00893759216727, 0.03081889950806, 0.08019790368532, 0.78766923968865, 0.09237636495071], [0.03108641718095, 0.16629882867379, 0.46034981763513, 0.29185628190923, 0.0504086546009]], "Leningrad": [[0.14131423907155, 0.70580796596716, 0.12612013961602, 0.01887180940558, 0.00788584593969], [0.16465930303561, 0.59367425770166, 0.21710352543195, 0.01514960812825, 0.00941330570253], [0.47366024931327, 0.44394505026707, 0.07085224192853, 0.00461268442089, 0.00692977407025], [0.47366024931327, 0.44394505026707, 0.07085224192853, 0.00461268442089, 0.00692977407025], [0.18281146916195, 0.62429616764372, 0.16516735015693, 0.01651083439322, 0.01121417864419], [0.10791447861434, 0.58705353316385, 0.27070892905488, 0.02516484743321, 0.00915821173372]], "Enver": [[0.20644422109517, 0.59132134878439, 0.14444416642293, 0.0366309295286, 0.02115933416893], [0.21041662035572, 0.59325250483835, 0.15241836458054, 0.0258953484366, 0.01801716178879], [0.10651601855675, 0.7176460941767, 0.14084561699761, 0.02816494589484, 0.00682732437411], [0.14206249243611, 0.64750760997251, 0.18636456858522, 0.01714630771048, 0.00691902129568], [0.11618893724613, 0.79570643198009, 0.06792431129778, 0.0152335408184, 0.0049467786576], [0.16744455555923, 0.69755257448199, 0.09353212044845, 0.03075867912245, 0.01071207038787]], "Aleppo": [[0.20729177999621, 0.51826531144025, 0.25421043006709, 0.01172412250873, 0.00850835598772], [0.10608830729713, 0.59862038800072, 0.21694504085719, 0.05967992003051, 0.01866634381444], [0.34364726142209, 0.48795682620513, 0.07694773499987, 0.03908546618995, 0.05236271118296], [0.34364726142209, 0.48795682620513, 0.07694773499987, 0.03908546618995, 0.05236271118296], [0.34364726142209, 0.48795682620513, 0.07694773499987, 0.03908546618995, 0.05236271118296], [0.15773068865498, 0.67615753048717, 0.15085210680696, 0.01063668660265, 0.00462298744825], [0.18110338238375, 0.67453909434342, 0.10461922334423, 0.02224045371573, 0.01749784621288], [0.18110338238375, 0.67453909434342, 0.10461922334423, 0.02224045371573, 0.01749784621288], [0.29844991267908, 0.57707168801034, 0.10869299544352, 0.00701890691456, 0.00876649695249]], "Hiroshima": [[0.1388944346091, 0.56826256224188, 0.23711640677321, 0.03787788303042, 0.01784871334539], [0.23511581028508, 0.58143468115378, 0.17181243511923, 0.00781098558002, 0.00382608786189], [0.02600488707737, 0.20902429108455, 0.55619613491942, 0.18679019286966, 0.02198449404901], [0.02450814070941, 0.1769831572741, 0.65687578007701, 0.12342598275906, 0.01820693918043], [0.02083700332943, 0.08787217033198, 0.35648758438507, 0.45434596391383, 0.08045727803968], [0.10146769480805, 0.70368420116818, 0.1509794376243, 0.03520402522717, 0.00866464117229], [0.08150084683236, 0.34115765301132, 0.29476910117815, 0.2160941014284, 0.06647829754977], [0.16738380395056, 0.63758954785171, 0.14783751166612, 0.02848882872125, 0.01870030781036], [0.1416430272028, 0.49616526808378, 0.17399885387118, 0.12759041354824, 0.060602437294]], "Franco": [], "Czechoslovakia": [[0.1819923487458, 0.65882851329649, 0.14245496795357, 0.01149978007594, 0.00522438992821], [0.13613834042882, 0.64394972243075, 0.17309298410786, 0.03425014884434, 0.01256880418824], [0.12322040406092, 0.52458732532761, 0.24829463662323, 0.07483142142599, 0.02906621256225], [0.52649237491582, 0.37115737343332, 0.08918534394414, 0.00322199265472, 0.00994291505201], [0.30305824841461, 0.42191586187136, 0.14612763297326, 0.0729177396559, 0.05598051708487], [0.11804682535894, 0.70095388034012, 0.13736694071504, 0.03330843167808, 0.01032392190782], [0.44575565862125, 0.47745459867065, 0.05839889867715, 0.00532610937491, 0.01306473465605], [0.1133252025432, 0.60800687157848, 0.2132253476905, 0.05041520836795, 0.01502736981987], [0.12314020439339, 0.67462840450671, 0.17835021620905, 0.01710634248218, 0.00677483240866], [0.24176092832324, 0.47949606792637, 0.26135407006748, 0.01150172057324, 0.00588721310967], [0.3481224325498, 0.56399157095766, 0.07602723961973, 0.00420129755842, 0.00765745931439], [0.09114682852061, 0.67661999741941, 0.19950023215112, 0.02727443232715, 0.00545850958172], [0.30907295493386, 0.40307240552593, 0.27640024842587, 0.0061743108795, 0.00528008023484], [0.2098864813049, 0.5803244797394, 0.19294846774633, 0.0095743925449, 0.00726617866448]], "Henry": [], "Joseph": [[0.09095913906305, 0.65514222447526, 0.20249345775876, 0.03977597880148, 0.01162919990145], [0.20156544373939, 0.68163158950651, 0.10100249937506, 0.00844100124651, 0.00735946613254], [0.13913794589059, 0.64706201279265, 0.16718861464434, 0.03075370637718, 0.01585772029525], [0.31046089108396, 0.58953122823444, 0.07635555257162, 0.00933433344712, 0.01431799466285], [0.04153571278645, 0.19286355552811, 0.34265631708695, 0.35879141429028, 0.06415300030821], [0.04478086952696, 0.38999620429747, 0.41733298832098, 0.13146311703202, 0.01642682082258], [0.11994664807232, 0.60868664596037, 0.25071425629511, 0.01457082773956, 0.00608162193264]], "Yukos": [[0.09229705462901, 0.75034136540941, 0.14435161006542, 0.01022775155647, 0.00278221833968], [0.1805062641961, 0.67108522779279, 0.12094566913078, 0.01592872655651, 0.01153411232383], [0.06141169020493, 0.60748425771287, 0.29599828718195, 0.02901092614827, 0.00609483875198], [0.13918438652641, 0.67313335582649, 0.14280985973323, 0.0300585864529, 0.01481381146096], [0.15999386777289, 0.62568356672424, 0.16143169733501, 0.03252552941252, 0.02036533875534], [0.04027220787376, 0.47283699031644, 0.41400172637171, 0.06495786714562, 0.00793120829247], [0.06707105456533, 0.66421589562765, 0.23807570948452, 0.02544794026102, 0.00518940006148], [0.0960111543504, 0.61052615800116, 0.25870679673719, 0.0246769820415, 0.01007890886975], [0.16462722905428, 0.63308777207103, 0.17058131426918, 0.0202921046488, 0.01141157995671], [0.28685415205962, 0.51050077245759, 0.18465284568715, 0.01126553683408, 0.00672669296157], [0.28685415205962, 0.51050077245759, 0.18465284568715, 0.01126553683408, 0.00672669296157], [0.13880500912268, 0.65015190106192, 0.16995779712496, 0.03010023754807, 0.01098505514237], [0.3206606218122, 0.53840080630036, 0.10503382761643, 0.0169733073905, 0.01893143688051], [0.39696348087608, 0.48249809844553, 0.07395080729528, 0.01787887742442, 0.02870873595868], [0.50197540584277, 0.418266855966, 0.05761593532569, 0.00530789161718, 0.01683391124836], [0.04807775738837, 0.57856855111109, 0.33068271034364, 0.03802527717681, 0.00464570398009], [0.04807775738837, 0.57856855111109, 0.33068271034364, 0.03802527717681, 0.00464570398009], [0.03858298086999, 0.23833642712619, 0.32780386127797, 0.35297025083461, 0.04230647989124], [0.10289437564589, 0.69374197162264, 0.17993289879621, 0.01813192594081, 0.00529882799444], [0.34770756515177, 0.47396766420283, 0.14442535589276, 0.01508899951414, 0.01881041523849], [0.5909809261921, 0.34893044511959, 0.05036141328623, 0.00200175596642, 0.00772545943566], [0.19058042603353, 0.59632834036433, 0.18415996757957, 0.01884304494477, 0.0100882210778], [0.42165021190848, 0.48259771640582, 0.06357406475843, 0.01203127421476, 0.02014673271251], [0.46418348838107, 0.40034102727393, 0.11352269348728, 0.00902441307585, 0.01292837778187], [0.1952284946827, 0.62715936509189, 0.15086398252471, 0.01745635298275, 0.00929180471795], [0.1952284946827, 0.62715936509189, 0.15086398252471, 0.01745635298275, 0.00929180471795], [0.16611288370721, 0.654631136274, 0.15613917171447, 0.01493467024799, 0.00818213805632], [0.41596263159889, 0.41854469257276, 0.14972816630247, 0.00646388595123, 0.00930062357465], [0.41596263159889, 0.41854469257276, 0.14972816630247, 0.00646388595123, 0.00930062357465], [0.15807006510244, 0.61855455645609, 0.19957313519837, 0.01579985035964, 0.00800239288345], [0.13269415972952, 0.62487018347067, 0.13587953513713, 0.08041578374443, 0.02614033791825], [0.10009116657427, 0.63235536631611, 0.17573100953805, 0.0729921321657, 0.01883032540587], [0.1298022985071, 0.6383225713532, 0.21510397549105, 0.01218209453253, 0.00458906011611], [0.07821218710527, 0.4996450104535, 0.28703200874057, 0.10918002625152, 0.02593076744914], [0.07810839794843, 0.62507582233451, 0.23991591965473, 0.04514922701233, 0.01175063305], [0.05675776320099, 0.17587094019147, 0.22521729986279, 0.40473356443366, 0.13742043231109], [0.56696146675894, 0.28547301641762, 0.12324897083975, 0.00796529964633, 0.01635124633736], [0.06274748537662, 0.44445076225394, 0.34252079996353, 0.12812234537367, 0.02215860703225], [0.08637335536089, 0.51956993026058, 0.26463678502846, 0.10551072126679, 0.02390920808328], [0.32489662476623, 0.49860627809993, 0.1523248706072, 0.01350543266053, 0.01066679386611], [0.09568414452177, 0.55455588901858, 0.23420121002185, 0.10030250104369, 0.01525625539412], [0.2073563860826, 0.54473828938297, 0.21121489434081, 0.02135888113264, 0.01533154906097], [0.04579420347785, 0.34829683291716, 0.48412683988218, 0.1033330819224, 0.0184490418004], [0.14557226480889, 0.62370526509245, 0.19658200567153, 0.02315381700743, 0.0109866474197], [0.1918446410201, 0.68439055409484, 0.10779678048736, 0.00861067648755, 0.00735734791015], [0.18151881385185, 0.68793322255967, 0.1196609958132, 0.00747594223527, 0.00341102554002], [0.08522045304794, 0.53972046436966, 0.29325378467939, 0.06435953495234, 0.01744576295067], [0.04374655447533, 0.31448912008822, 0.4109900054768, 0.2068717819992, 0.02390253796045], [0.14502424518713, 0.56783858581441, 0.18266583580112, 0.07359038673384, 0.03088094646351], [0.14063954809694, 0.66625245738566, 0.16789079547754, 0.01727630205146, 0.00794089698841], [0.07956573541689, 0.51871625914652, 0.32232770904854, 0.06090762871844, 0.0184826676696], [0.12214324441158, 0.51515284465391, 0.27940401819191, 0.06229914894629, 0.02100074379631], [0.02825101995438, 0.09456576573404, 0.2322551984996, 0.51464127267926, 0.13028674313273], [0.25218022141361, 0.54924441957634, 0.16452145584936, 0.02032054875147, 0.01373335440923], [0.28745669327108, 0.49515440553893, 0.19902306924853, 0.01137302683687, 0.00699280510459], [0.26122316059116, 0.57786383042235, 0.14829375704423, 0.00731804721669, 0.00530120472557]], "Bush": [], "Hungary": [[0.19607632111248, 0.60333723453897, 0.17595183318046, 0.0168326709404, 0.00780194022769], [0.14979964692961, 0.54614460478099, 0.17415938545708, 0.08662841608339, 0.04326794674893], [0.08578175669602, 0.29415020858675, 0.24422626990083, 0.27483468784087, 0.10100707697553], [0.67708574101991, 0.24217216785711, 0.06637327594728, 0.00302036556758, 0.01134844960812], [0.0015986234772, 0.00166631460625, 0.01039061024056, 0.66621083319163, 0.32013361848436], [0.52649237491582, 0.37115737343332, 0.08918534394414, 0.00322199265472, 0.00994291505201], [0.14909358525515, 0.58596318080374, 0.21374619604313, 0.03421105724745, 0.01698598065054], [0.08871267610877, 0.715519491078, 0.14350109991348, 0.04396835954429, 0.00829837335545], [0.2549240396167, 0.52034612323495, 0.14719056270009, 0.04123810220133, 0.03630117224693], [0.21178144739204, 0.59189204469304, 0.17407233911509, 0.01230352766686, 0.00995064113297], [0.10722223213534, 0.62807969751904, 0.22971395797489, 0.02804454573478, 0.00693956663596], [0.27874865032001, 0.58472265778258, 0.11864200253118, 0.01175794695261, 0.00612874241361], [0.15546873173501, 0.64915113426159, 0.16799232625007, 0.01856816620009, 0.00881964155323], [0.23058606197333, 0.64015095069761, 0.10916549843369, 0.01019058872619, 0.00990690016918], [0.2209097386676, 0.60190036246223, 0.12513443880817, 0.03157364049648, 0.02048181956552], [0.10969762886733, 0.57661698703852, 0.23204364938013, 0.05976290360537, 0.02187883110864], [0.16299320300021, 0.57266463656043, 0.22740033878561, 0.02421807847915, 0.0127237431746]], "Kennedy": [[0.07130404156334, 0.57114727842396, 0.27406137345382, 0.07069070977115, 0.01279659678773], [0.13325810731526, 0.60685458385657, 0.22955945443611, 0.02379153624883, 0.00653631814323], [0.13995462143975, 0.65751151650169, 0.17806001592515, 0.01797451133789, 0.00649933479552], [0.28396124991941, 0.55305743255217, 0.13820850528386, 0.01499952465992, 0.00977328758464], [0.18177600559716, 0.68202428709555, 0.11164827912393, 0.01412676581695, 0.01042466236641], [0.08309328404805, 0.59252218663552, 0.30339039426472, 0.01567066758161, 0.0053234674701], [0.00742556192347, 0.08316793297152, 0.88146495389749, 0.02506986731961, 0.00287168388791], [0.00334980994167, 0.02219752148848, 0.93875562043133, 0.03279382191811, 0.00290322622042], [0.12085406182231, 0.69850968840442, 0.16628931805668, 0.01023884629018, 0.00410808542642]], "William": [], "Senate": [[0.32953162116304, 0.51480080098134, 0.13128893411327, 0.0114143665573, 0.01296427718505], [0.04370190539358, 0.44622179017506, 0.47736094284824, 0.02780603111646, 0.00490933046665], [0.04370190539358, 0.44622179017506, 0.47736094284824, 0.02780603111646, 0.00490933046665], [0.34004036704763, 0.48516334480222, 0.15797087743998, 0.00960998170401, 0.00721542900616], [0.14893963497938, 0.65201397192204, 0.15159792924501, 0.03178679535877, 0.01566166849481], [0.14893963497938, 0.65201397192204, 0.15159792924501, 0.03178679535877, 0.01566166849481], [0.78517731758949, 0.18865953580482, 0.01683324917055, 0.0008108492362, 0.00851904819893]], "China": [[0.00793174994366, 0.05425797990697, 0.36459237025845, 0.54980903949432, 0.02340886039661], [0.13921611106186, 0.56174697181237, 0.23681849151849, 0.04748018624687, 0.01473823936041], [0.05535345829405, 0.60744617501705, 0.28111251271421, 0.04905339477025, 0.00703445920444], [0.12737563097747, 0.72331925750381, 0.11539868509359, 0.02405690953722, 0.00984951688791], [0.17478026875532, 0.63465808836747, 0.16155063070744, 0.02012812980805, 0.00888288236173], [0.0867506468762, 0.58005623824915, 0.26991101307912, 0.04888845145205, 0.01439365034347], [0.0867506468762, 0.58005623824915, 0.26991101307912, 0.04888845145205, 0.01439365034347], [0.00513568499147, 0.01109816463667, 0.02964726193243, 0.80981848833834, 0.1443004001011], [0.18149761585366, 0.57428829673248, 0.16228205314162, 0.05484356563214, 0.0270884686401], [0.08690192083538, 0.56611145699065, 0.28373137780442, 0.04908271000628, 0.01417253436327], [0.6761654616863, 0.26283479727308, 0.0490149290374, 0.00193120014904, 0.01005361185418], [0.09968995786584, 0.58802946098033, 0.20709946090196, 0.08466443832483, 0.02051668192703], [0.15487756343998, 0.5675328738763, 0.25639584765825, 0.01460705324578, 0.00658666177969], [0.03013081679554, 0.17316238908691, 0.46952118589482, 0.28682200549374, 0.04036360272899], [0.02580867564847, 0.19222380318219, 0.57140903331796, 0.1860948568734, 0.02446363097798], [0.085502251398, 0.58290845975956, 0.26446459616931, 0.05400041446225, 0.01312427821088], [0.01155061259967, 0.03270202469772, 0.18874764661022, 0.67348638746812, 0.09351332862427], [0.22143036810896, 0.66083355072413, 0.10906508171171, 0.00425836245269, 0.00441263700251], [0.07478976108682, 0.66027891348985, 0.23598037286921, 0.02353209261726, 0.00541885993685], [0.39316553001606, 0.49719407648401, 0.09145981723019, 0.00783476059891, 0.01034581567082], [0.10139726717763, 0.69773894402047, 0.17126400532281, 0.02305955202437, 0.00654023145471], [0.57585731296086, 0.34828381332083, 0.06056029856662, 0.00373271100954, 0.01156586414215]], "Press": [[0.11537839884454, 0.55090551804608, 0.20424402269433, 0.09517155271781, 0.03430050769724], [0.0826670649998, 0.49268880367924, 0.34006716908614, 0.06646375760868, 0.01811320462614], [0.18661789414487, 0.56030182741267, 0.2173441384707, 0.02263177979968, 0.01310436017208], [0.04732009595171, 0.25562271434501, 0.37608275946016, 0.27536185105243, 0.04561257919069], [0.02473836417192, 0.11223228213711, 0.66038885303953, 0.175266484408, 0.02737401624343]], "Philippines": [[0.23873794996525, 0.61258617353375, 0.13076736062818, 0.00926122741724, 0.00864728845558], [0.12771842977413, 0.65312039500467, 0.18455949924067, 0.02429115411969, 0.01031052186084], [0.05455355645098, 0.2590456679861, 0.36751532382466, 0.26079651016818, 0.05808894157008], [0.06036414266471, 0.43835220316386, 0.43943597413932, 0.05110214408156, 0.01074553595055], [0.67708574101991, 0.24217216785711, 0.06637327594728, 0.00302036556758, 0.01134844960812], [0.71151943477361, 0.21882010303297, 0.05793765252491, 0.00152785758959, 0.01019495207891], [0.0651620825749, 0.50303631649306, 0.25524271111763, 0.15546818431398, 0.02109070550043], [0.01398652278132, 0.07457837012585, 0.35252593858113, 0.52070153251812, 0.03820763599358], [0.03263031187777, 0.33450184269584, 0.59434598958163, 0.03281058647324, 0.00571126937152], [0.04539658890515, 0.28524439185369, 0.47946462286862, 0.15795866948865, 0.03193572688389], [0.10159923282048, 0.57662902466348, 0.28794230087379, 0.0235002524856, 0.01032918915665], [0.12113808781916, 0.68877465178997, 0.17413848859247, 0.01139861876777, 0.00455015303062], [0.26812498904552, 0.57432290879895, 0.13522302401579, 0.01084018071231, 0.01148889742742], [0.02398619392214, 0.17986073037663, 0.62704284627278, 0.14773827089913, 0.02137195852931]], "Israel": [[0.08700683244443, 0.72177760625708, 0.16494990220019, 0.02103872402531, 0.00522693507298], [0.08958559058808, 0.52491367928098, 0.30595138203644, 0.06069943401094, 0.01884991408356], [0.02232137257468, 0.13409599411429, 0.5509411584054, 0.2580439646973, 0.03459751020834], [0.15057056114737, 0.61847320425553, 0.16271410043133, 0.04355300677774, 0.02468912738802], [0.06822009097759, 0.44597852357665, 0.4017386135393, 0.06853020836463, 0.01553256354183]], "Moscow": [[0.08842416472061, 0.60473715819276, 0.2509050023181, 0.04519875461469, 0.01073492015384], [0.17288478613373, 0.61034077727284, 0.15354246011321, 0.0451009023952, 0.01813107408502], [0.08504246639888, 0.32766025950283, 0.23621788862128, 0.27372652126068, 0.07735286421633], [0.30213717928646, 0.50182028691402, 0.16285336615652, 0.01687965975493, 0.01630950788807], [0.45555166905662, 0.415398248205, 0.10757290429017, 0.00931707842388, 0.01216010002433], [0.11069563434107, 0.62580352779443, 0.18319489538316, 0.06215258835608, 0.01815335412525], [0.15565524050904, 0.70820181307233, 0.10967430206861, 0.01794894798878, 0.00851969636123], [0.31150000831679, 0.51036478516959, 0.13884176792974, 0.0221442176942, 0.01714922088969], [0.25218022141361, 0.54924441957634, 0.16452145584936, 0.02032054875147, 0.01373335440923], [0.13153035944644, 0.5927352087266, 0.21309526704671, 0.04572031560447, 0.01691884917578]], "Council": [], "Harry": [[0.2441150978925, 0.63396094667689, 0.10643266361345, 0.00756898726375, 0.00792230455341], [0.34521680410529, 0.50528841728215, 0.1199479779759, 0.01396340630779, 0.01558339432887], [0.13358100545233, 0.64989033415807, 0.18229707648016, 0.02744479727161, 0.00678678663783], [0.26025945285506, 0.52142524349564, 0.18941265236033, 0.01710362596769, 0.01179902532129], [0.11363823910809, 0.70402599273553, 0.16584834476901, 0.01157432663478, 0.00491309675259], [0.16675733053306, 0.66692761842817, 0.150834806148, 0.01059889607743, 0.00488134881334], [0.15404883655241, 0.63020516800507, 0.19629775802624, 0.01230419642145, 0.00714404099483], [0.02857243643325, 0.20357305346711, 0.63646584159618, 0.118133025009, 0.01325564349446]], "Center": [[0.19650393133553, 0.69354777779193, 0.09423039891646, 0.01013649191226, 0.00558140004381], [0.16841910342996, 0.61855481574532, 0.13947369263547, 0.05820513178469, 0.01534725640456], [0.01861698936089, 0.04861815226196, 0.12102680548136, 0.57778087599788, 0.23395717689791], [0.20803906214347, 0.61628223035379, 0.15897236278658, 0.01077318502242, 0.00593315969374], [0.30261527472795, 0.49126031219066, 0.19483525610804, 0.00615812846248, 0.00513102851087], [0.30261527472795, 0.49126031219066, 0.19483525610804, 0.00615812846248, 0.00513102851087]], "Lebanon": [[0.08971436572438, 0.31674020832429, 0.26334400529882, 0.24176080711977, 0.08844061353274], [0.0070547877467, 0.01051197064643, 0.02094187038145, 0.64385887530194, 0.31763249592348], [0.0646520890657, 0.29552134405877, 0.33985365870014, 0.24265249580657, 0.05732041236882], [0.05698692537053, 0.30506671842348, 0.30710627311321, 0.29114352406476, 0.03969655902801], [0.0651620825749, 0.50303631649306, 0.25524271111763, 0.15546818431398, 0.02109070550043], [0.21124801414921, 0.50638453517636, 0.12839049095925, 0.08109749945662, 0.07287946025857], [0.04436992891311, 0.26347730898813, 0.50770792745626, 0.1558010657864, 0.02864376885609], [0.04102559690917, 0.2465292928676, 0.47896107970388, 0.19671791256638, 0.03676611795297], [0.1431701072795, 0.65340936345977, 0.18744089616825, 0.01141829604938, 0.0045613370431]], "Midway": [], "Pacific": [[0.07433927049011, 0.47145133083398, 0.35303366947771, 0.07965762569481, 0.0215181035034], [0.06192426393229, 0.69497433701517, 0.21697212316523, 0.02186238422326, 0.00426689166405], [0.11197486891381, 0.63691686440548, 0.21689665840541, 0.02422620941732, 0.00998539885798], [0.31732628826159, 0.51788744491514, 0.12307019608753, 0.02393150336532, 0.0177845673704], [0.06295926469456, 0.44762169736868, 0.38898614389014, 0.08130488256774, 0.01912801147888]], "University": [[0.10083173216521, 0.64852502659639, 0.1907327178037, 0.04609977054628, 0.01381075288842], [0.10083173216521, 0.64852502659639, 0.1907327178037, 0.04609977054628, 0.01381075288842], [0.10083173216521, 0.64852502659639, 0.1907327178037, 0.04609977054628, 0.01381075288842], [0.26825571052352, 0.41174767823871, 0.31456803857802, 0.0035374459803, 0.00189112667945], [0.1126097266215, 0.65463122436396, 0.20749168380948, 0.0181022801745, 0.00716508503055], [0.15177337602454, 0.54037537226521, 0.16861738480184, 0.09477487768324, 0.04445898922517], [0.11718509789307, 0.66699524760869, 0.18297356829282, 0.02440911314497, 0.00843697306046]], "Andrew": [[0.11099385744516, 0.42064959588578, 0.18978672797952, 0.22738261066732, 0.05118720802221], [0.0918825799978, 0.66915889689102, 0.18616586979661, 0.04016968793197, 0.0126229653826], [0.07542298898333, 0.2946034509425, 0.28305928208545, 0.26606958841189, 0.08084468957682], [0.11462546106024, 0.59872603255715, 0.25260813969839, 0.02427718301708, 0.00976318366714], [0.1952284946827, 0.62715936509189, 0.15086398252471, 0.01745635298275, 0.00929180471795], [0.00467996347722, 0.0293252495555, 0.82719120101011, 0.12983861978839, 0.00896496616877], [0.04901433428194, 0.39294509906871, 0.5049306474017, 0.04230888921941, 0.01080103002824], [0.03698765411783, 0.24425012348555, 0.5641203386906, 0.1328131011622, 0.02182878254383]], "Cuba": [[0.08053418227735, 0.56695965703735, 0.27119333259518, 0.06622841356743, 0.0150844145227], [0.08971436572438, 0.31674020832429, 0.26334400529882, 0.24176080711977, 0.08844061353274], [0.27874865032001, 0.58472265778258, 0.11864200253118, 0.01175794695261, 0.00612874241361], [0.0651620825749, 0.50303631649306, 0.25524271111763, 0.15546818431398, 0.02109070550043], [0.0103433855249, 0.12801404006236, 0.80605217317672, 0.05115478298975, 0.00443561824627]], "Congress": [[0.07551592757128, 0.6794356858483, 0.22121511937551, 0.01867779439913, 0.00515547280577], [0.07551592757128, 0.6794356858483, 0.22121511937551, 0.01867779439913, 0.00515547280577], [0.13836692119403, 0.69131096364026, 0.1517866248652, 0.01303442606581, 0.0055010642347], [0.15185852185833, 0.63243449707408, 0.19610948105554, 0.01392380355817, 0.00567369645388], [0.43919491150713, 0.42794825042328, 0.1174295735501, 0.00572335969652, 0.00970390482297], [0.03105299473452, 0.17468524325373, 0.50373659450012, 0.2507758640567, 0.03974930345493], [0.07834223990684, 0.28943946346942, 0.55894602068067, 0.05793236030179, 0.01533991564128], [0.15937531108865, 0.58759384142876, 0.23924672640921, 0.00837977464305, 0.00540434643033], [0.06921071289048, 0.45274255833096, 0.29027091030087, 0.15094941576089, 0.0368264027168], [0.19251368451105, 0.63712748050555, 0.15356470848824, 0.01030288891297, 0.00649123758219], [0.19251368451105, 0.63712748050555, 0.15356470848824, 0.01030288891297, 0.00649123758219], [0.0737128428551, 0.74250022786109, 0.1488613407365, 0.03023184295385, 0.00469374559347], [0.0591653325063, 0.4139500646388, 0.43070600983399, 0.08102336996103, 0.01515522305988], [0.25006803643747, 0.56301638088269, 0.163785938933, 0.0144313211411, 0.00869832260574], [0.25006803643747, 0.56301638088269, 0.163785938933, 0.0144313211411, 0.00869832260574], [0.10763283678605, 0.72085631059299, 0.15017994417906, 0.01655856240323, 0.00477234603866], [0.10763283678605, 0.72085631059299, 0.15017994417906, 0.01655856240323, 0.00477234603866]], "alliance": [], "Eisenhower": [[0.17686683289966, 0.61393715356291, 0.19176941183315, 0.01183697258877, 0.00558962911551], [0.00795225300472, 0.03408179324403, 0.45747312925089, 0.4477669784531, 0.05272584604726], [0.09670234759324, 0.53298192547232, 0.31535845468132, 0.04104882012768, 0.01390845212545], [0.16854215076538, 0.62895995797979, 0.17309998807277, 0.01830088881491, 0.01109701436714], [0.16854215076538, 0.62895995797979, 0.17309998807277, 0.01830088881491, 0.01109701436714], [0.08421570277376, 0.45836698903618, 0.32774199590317, 0.10054677935979, 0.02912853292711], [0.13384066542335, 0.42073425991791, 0.18160349884842, 0.18565436462069, 0.07816721118963]], "Iraq": [[0.06084590679326, 0.33746793603363, 0.37225989338002, 0.1846207281213, 0.04480553567179], [0.1050184712626, 0.42202198697539, 0.25933439716799, 0.15522852896572, 0.05839661562829], [0.08593232889175, 0.43490893404584, 0.32892881568685, 0.11621279370558, 0.03401712766998], [0.0070547877467, 0.01051197064643, 0.02094187038145, 0.64385887530194, 0.31763249592348], [0.20132296442584, 0.57812630052536, 0.17845498984278, 0.02726103458953, 0.01483471061649], [0.0646520890657, 0.29552134405877, 0.33985365870014, 0.24265249580657, 0.05732041236882], [0.0651620825749, 0.50303631649306, 0.25524271111763, 0.15546818431398, 0.02109070550043], [0.08718400475073, 0.67882927902371, 0.20811231313945, 0.02006688544203, 0.00580751764408], [0.16161610453064, 0.67767741962118, 0.13886657501931, 0.01567306952262, 0.00616683130624], [0.04102559690917, 0.2465292928676, 0.47896107970388, 0.19671791256638, 0.03676611795297]], "North": [[0.1315128919697, 0.60235167817269, 0.21899391819836, 0.03297830809788, 0.01416320356138], [0.06719536235557, 0.34494850981251, 0.51841046025165, 0.05567221137734, 0.01377345620294], [0.11785176805292, 0.53635332590361, 0.256367628389, 0.06450532182347, 0.02492195583101], [0.0015986234772, 0.00166631460625, 0.01039061024056, 0.66621083319163, 0.32013361848436], [0.11812715714225, 0.61577617799389, 0.18689240404008, 0.05806732802881, 0.02113693279497], [0.12673502358325, 0.66051221127127, 0.18775897936125, 0.01662936943539, 0.00836441634885], [0.08085729821133, 0.40285967229261, 0.28019566584359, 0.19134548754986, 0.04474187610261], [0.20528063272266, 0.60518202670757, 0.15512151848122, 0.02133420139541, 0.01308162069314]], "Spain": [[0.08008131016085, 0.58019950011946, 0.24795006359445, 0.07603687054759, 0.01573225557765], [0.14979964692961, 0.54